113.5197011,34.9457328
113.5243043,34.93902055
113.5335029,34.92445667
113.5335079,34.92458554
113.5328023,34.91823488
113.5321822,34.91864394
113.539442,34.91881842
113.5256916,34.91598965
113.5260358,34.91604847
113.533793,34.91347049
113.5392137,34.91522689
113.5399451,34.9134844
113.5408166,34.91385087
113.5023924,34.91024656
113.5362582,34.90961946
113.5447735,34.90927309
113.5494348,34.91109298
113.5544292,34.91112855
113.5771827,34.90340002
113.6643524,34.90419809
113.5432121,34.89920899
113.5966464,34.9000207
113.6057809,34.90176499
113.6593835,34.90078636
113.6590241,34.90141036
113.5426686,34.89870742
113.5818386,34.89504068
113.6106037,34.89601694
113.6103098,34.89558165
113.6350891,34.89691155
113.6567974,34.89735004
113.6606616,34.89768133
113.6581451,34.89743839
113.6619316,34.89575201
113.5763899,34.89230766
113.5775942,34.89392467
113.5764959,34.89376414
113.5820062,34.8906985
113.6952028,34.89086071
113.5712253,34.8874369
113.5795118,34.88966144
113.5919264,34.88640419
113.6602825,34.88579806
113.6606728,34.88584926
113.5108989,34.88458456
113.5095698,34.88496931
113.5274512,34.88293243
113.5290096,34.88190947
113.5359973,34.88205307
113.5318551,34.88131511
113.532727,34.88079777
113.5315281,34.88094073
113.5457418,34.88450915
113.5726978,34.88382513
113.608623,34.88195081
113.6083861,34.88173321
113.6206831,34.88252989
113.623046,34.88151519
113.6263943,34.883291
113.6319127,34.8829836
113.5208834,34.88033505
113.5269941,34.87789175
113.5355984,34.8791563
113.5360038,34.8779905
113.5313898,34.87913036
113.5401833,34.88011549
113.540767,34.88008778
113.5435401,34.88031032
113.5419187,34.8778047
113.6144862,34.8795346
113.6252712,34.87654181
113.6444851,34.87858404
113.6591264,34.87783994
113.6608013,34.87915831
113.658144,34.87920932
113.6645406,34.87984539
113.6725365,34.88004884
113.7230569,34.88011747
113.7309501,34.87722354
113.7320032,34.87711515
113.7394822,34.87696889
113.757897,34.87840838
113.7577438,34.87838333
113.7581372,34.87956824
113.5077692,34.87271941
113.5077572,34.87263347
113.5822623,34.87254539
113.6006036,34.87249853
113.6009326,34.87267821
113.6061665,34.87591901
113.6075814,34.8725078
113.6116936,34.87265554
113.6121344,34.87219068
113.6118995,34.87196812
113.6193062,34.87386586
113.6191901,34.87574295
113.6246992,34.87295145
113.6250425,34.87622945
113.6517334,34.8756542
113.653288,34.87356459
113.6538212,34.87296725
113.6548195,34.87251587
113.6609935,34.87406548
113.6585077,34.87554062
113.6582302,34.87555613
113.6582182,34.87555016
113.6573438,34.87556979
113.6644534,34.87439348
113.6638364,34.87480422
113.6642556,34.87545072
113.6641567,34.87590142
113.6631416,34.87564065
113.6952475,34.87385718
113.6952475,34.87385718
113.6956571,34.8728676
113.6902862,34.87578423
113.6971511,34.87285727
113.6970529,34.87588214
113.7355043,34.87279745
113.7367787,34.87236652
113.7348912,34.87197655
113.7769348,34.87462346
113.7793539,34.87494098
113.5260239,34.86732373
113.5856943,34.87164751
113.594388,34.8701407
113.6102897,34.86825644
113.6120255,34.87156645
113.6122144,34.87160125
113.6194176,34.8689261
113.6397215,34.86778786
113.6397215,34.86778686
113.6354403,34.87100826
113.640713,34.86778022
113.6449335,34.86745834
113.645238,34.86749776
113.6562482,34.87107674
113.6693432,34.87002284
113.6785905,34.86790063
113.7387955,34.87084468
113.5271649,34.86641564
113.5524694,34.86408566
113.585366,34.86298081
113.5969083,34.86370321
113.5988315,34.86324718
113.5982895,34.86329229
113.5981075,34.86334729
113.5988486,34.86296448
113.5988276,34.86293951
113.5988016,34.86294351
113.5983165,34.86304955
113.6004126,34.86293996
113.6004356,34.86292996
113.5980815,34.86299767
113.5970133,34.86339153
113.5969903,34.86306189
113.6104309,34.86608169
113.6168631,34.86462247
113.6204211,34.8653958
113.6190632,34.86579688
113.6295524,34.86602743
113.6241468,34.8632107
113.6321583,34.86503973
113.6330602,34.86471173
113.6320683,34.86590193
113.6335285,34.86505765
113.6334477,34.86412878
113.6334667,34.86381209
113.6319108,34.86358866
113.6347589,34.86509872
113.6347449,34.86473214
113.634696,34.86415884
113.634769,34.86382608
113.6391905,34.86590578
113.6380993,34.86369895
113.6371657,34.86372842
113.6367519,34.86668988
113.6403008,34.86587098
113.6351224,34.86504622
113.6350496,34.86403442
113.6352793,34.86323094
113.6432695,34.86431363
113.6437535,34.86585812
113.6431295,34.86587918
113.6438414,34.86593589
113.6425724,34.86592109
113.6418936,34.8646706
113.6434003,34.86373203
113.6417588,34.86480368
113.6417867,34.86462782
113.6451534,34.86484278
113.6451195,34.86470799
113.6452143,34.86560985
113.6414502,34.864995
113.6414502,34.864995
113.6455258,34.86503792
113.6451693,34.86625922
113.6456098,34.86434951
113.6427794,34.86314673
113.6452002,34.86648892
113.6444398,34.86316285
113.6444457,34.86315584
113.6409558,34.86605069
113.6443604,34.86726654
113.6453503,34.86322219
113.6413625,34.86320308
113.645548,34.8631639
113.6474229,34.86370499
113.6485676,34.86726109
113.65384,34.86506078
113.6584061,34.86404028
113.663497,34.86558887
113.6634271,34.86556403
113.6805576,34.86425994
113.680351,34.86327638
113.680351,34.86327638
113.7957149,34.86419502
113.794982,34.8641399
113.801279,34.86544593
113.8013452,34.86579367
113.595119,34.8625598
113.5968415,34.86155855
113.5986637,34.86143019
113.5986227,34.86144419
113.5979476,34.86148335
113.5995077,34.86231796
113.5977646,34.86159927
113.5980186,34.86189788
113.5980016,34.86192685
113.5980026,34.86192785
113.6007987,34.86216664
113.5984346,34.8624102
113.6004246,34.86285205
113.5969805,34.86198605
113.6099447,34.86011651
113.6138526,34.86028405
113.6231581,34.8602691
113.6239281,34.86218708
113.6258462,34.86094696
113.6259201,34.86113766
113.6257983,34.86094303
113.6255386,34.86096734
113.6252629,34.86055614
113.625989,34.86206956
113.6246425,34.86063086
113.6241711,34.86005507
113.6345225,34.86169277
113.6346024,34.86162172
113.6367215,34.8613467
113.6380535,34.86231452
113.6362641,34.86172901
113.6377559,34.8624039
113.636348,34.86197062
113.636318,34.86211551
113.637731,34.86266566
113.637731,34.86266566
113.637731,34.86266566
113.6364458,34.86261876
113.6433338,34.8606265
113.6435934,34.8605791
113.6436083,34.86051315
113.6436103,34.86051315
113.6436103,34.86051215
113.6434826,34.86014876
113.6439508,34.86005605
113.6426798,34.86020408
113.6437772,34.85973769
113.6423063,34.8615143
113.6420227,34.86150979
113.6426227,34.8619393
113.6420207,34.86162567
113.6420187,34.86162867
113.6444568,34.86196511
113.6444568,34.86196511
113.6444568,34.86196611
113.6444568,34.86196611
113.6444369,34.86200111
113.6425927,34.86219508
113.6421824,34.86219178
113.6446755,34.86225442
113.6426936,34.86252255
113.6426336,34.86254863
113.6426336,34.86255862
113.6442681,34.86263871
113.6454642,34.86194337
113.6444588,34.86258943
113.645778,34.85970323
113.6413666,34.86210626
113.6453554,34.86219529
113.6455351,34.86203115
113.6445746,34.86275106
113.6414714,34.86261453
113.6413616,34.86271561
113.6454682,34.86271153
113.6487819,34.86169372
113.6480922,34.85972609
113.6483325,34.86225892
113.6502035,34.86213166
113.6503562,34.86205846
113.6503642,34.86206644
113.6503572,34.86215036
113.6465905,34.86166668
113.6502104,34.86252123
113.6503592,34.86246102
113.6503592,34.86246102
113.6503851,34.86246997
113.6464267,34.86158905
113.6464407,34.86168093
113.6468949,34.86222853
113.6468979,34.86223152
113.6463368,34.86194383
113.6461522,34.86166645
113.6461492,34.86166146
113.6461492,34.86166446
113.6463109,34.86202379
113.6463109,34.86202479
113.6463109,34.86202678
113.6462989,34.86201182
113.6462979,34.86201382
113.6462959,34.86201283
113.6460204,34.86162074
113.6460194,34.86162074
113.6514064,34.86235821
113.6463418,34.86247325
113.646215,34.86252142
113.646215,34.86252142
113.646211,34.86252143
113.646192,34.86254943
113.646188,34.86255143
113.6517458,34.86275616
113.6526423,34.86218612
113.6526043,34.86277555
113.6595603,34.86251473
113.6667308,34.86068296
113.6654998,34.86174717
113.6653999,34.86271032
113.6706877,34.86126673
113.5799325,34.85827974
113.5810989,34.85596181
113.581006,34.85492388
113.5941454,34.8564755
113.5960298,34.85687677
113.5985741,34.85761833
113.596976,34.85653094
113.5975373,34.85430519
113.6030432,34.85603625
113.625701,34.85475782
113.6441208,34.8582537
113.6470144,34.85567139
113.6478887,34.85809821
113.6542164,34.85512979
113.6927299,34.85580078
113.5946718,34.85351062
113.5974174,34.85333127
113.6121373,34.85332505
113.6118774,34.85390365
113.6149617,34.85233258
113.6379939,34.85054529
113.6375067,34.8494942
113.6884445,34.85177433
113.7291757,34.85272498
113.7350245,34.85021599
113.824231,34.8514829
113.8288961,34.85128383
113.5660802,34.84568282
113.5946544,34.84782772
113.6007251,34.84855831
113.6035551,34.846718
113.6036111,34.84652917
113.6036111,34.84649321
113.6027653,34.84516705
113.6105199,34.84663156
113.6096863,34.84623063
113.6108538,34.84608787
113.6639653,34.84513598
113.7027191,34.84832649
113.7031226,34.84885735
113.7362713,34.84592718
113.738397,34.84599155
113.6389543,34.84214572
113.6389013,34.84365918
113.6394534,34.8441038
113.6353085,34.84201369
113.6426376,34.84365493
113.6439718,34.84123721
113.6439728,34.84123721
113.6437997,34.84449903
113.6429051,34.8447473
113.6458996,34.84214087
113.6596264,34.84106464
113.6601855,34.84046522
113.6582099,34.84087155
113.6577907,34.84081041
113.6814905,34.84164254
113.6806588,34.8419817
113.683008,34.84183058
113.6831268,34.84181638
113.7410044,34.84409513
113.7471647,34.84093446
113.747442,34.84084858
113.8010226,34.84366592
113.5042103,34.83677362
113.5294398,34.83651745
113.5311595,34.83668151
113.5730029,34.83924249
113.6161273,34.83897475
113.6157389,34.83655471
113.6138888,34.83940042
113.6166892,34.83628305
113.6176235,34.83626312
113.6129984,34.83834934
113.6177214,34.83626601
113.6199914,34.83791779
113.6195827,34.83845367
113.6193161,34.83632324
113.6304514,34.83656978
113.6550986,34.83804244
113.6551556,34.83774265
113.6602526,34.8379248
113.6602506,34.8379228
113.6595788,34.83859837
113.6595608,34.8385984
113.6601667,34.83909272
113.6584208,34.83812008
113.6583929,34.83815909
113.6622162,34.83813781
113.6698945,34.8387644
113.6714437,34.83966148
113.6758333,34.83847042
113.6775304,34.83806667
113.678369,34.83782736
113.6824192,34.83979782
113.6844819,34.83947345
113.717316,34.83733765
113.748454,34.83898271
113.8006412,34.83753081
113.5187588,34.83211715
113.522464,34.83308613
113.5207948,34.83499862
113.5204285,34.8354072
113.5300643,34.83316556
113.5300913,34.83314665
113.5304012,34.83512831
113.5301135,34.83192999
113.5350463,34.83510944
113.5347242,34.83564812
113.5310834,34.83512498
113.5453851,34.83371418
113.5437136,34.83221342
113.5429602,34.8346453
113.5464001,34.83158842
113.5502722,34.83296018
113.5481768,34.83229006
113.5575454,34.8341339
113.5569572,34.83256667
113.5559249,34.83204963
113.6174408,34.83468598
113.6178385,34.8349393
113.6205735,34.83199543
113.6196343,34.8316089
113.6196643,34.83157989
113.6310859,34.83403156
113.6307335,34.83312004
113.6307435,34.83244274
113.6305328,34.83261487
113.6304589,34.83246213
113.6319117,34.83593233
113.6401603,34.83501133
113.6436081,34.83384372
113.6436062,34.83305856
113.6444049,34.83385233
113.6445996,34.83364921
113.6447184,34.83364001
113.6419026,34.83546192
113.6436344,34.83149617
113.6411558,34.8349757
113.6488887,34.83330694
113.649295,34.83317135
113.6479313,34.83305693
113.6625642,34.83199668
113.6668166,34.83298046
113.6650917,34.83190292
113.6666589,34.83209471
113.6701396,34.83399501
113.6684226,34.83408021
113.6683367,34.83429814
113.6719153,34.83580968
113.673526,34.8314043
113.675233,34.83165381
113.6828603,34.83196036
113.686909,34.83160953
113.7628929,34.83170161
113.5183997,34.83026712
113.5187941,34.83034912
113.5198529,34.83081951
113.5296441,34.83028058
113.529611,34.83054122
113.5325738,34.83027374
113.5315307,34.82747319
113.5380813,34.82973705
113.5404544,34.83002793
113.538681,34.83030378
113.5379238,34.82969574
113.5387603,34.83051872
113.5380501,34.83015753
113.5405827,34.83047972
113.5380792,34.83055517
113.5408706,34.83046635
113.5372085,34.83055722
113.5371704,34.83075193
113.5415565,34.83124498
113.5452513,34.82872521
113.5445783,34.83015935
113.5445823,34.83016135
113.5445813,34.83016335
113.5458438,34.83018383
113.5469429,34.82899621
113.5470602,34.8288456
113.5445822,34.83130814
113.5444087,34.83131079
113.5475826,34.82924017
113.5422256,34.82974698
113.5461846,34.83126435
113.5461846,34.83126435
113.5478813,34.82957938
113.5421663,34.83108843
113.5486232,34.82997035
113.5482593,34.83002961
113.5482593,34.83002961
113.5482593,34.83002961
113.5478813,34.82957938
113.5483525,34.8306781
113.5572733,34.8291268
113.5537089,34.83113603
113.5537409,34.83136784
113.5611547,34.82735722
113.566767,34.82992537
113.6099839,34.82979991
113.6218085,34.8301949
113.6225838,34.83008409
113.6231421,34.83139902
113.6242075,34.82762969
113.634318,34.83101094
113.6383975,34.82898263
113.6395269,34.82882295
113.6393003,34.82774347
113.6389046,34.83118147
113.636076,34.82716528
113.6448286,34.83029337
113.6419923,34.82799769
113.6411933,34.82954241
113.6446018,34.83143755
113.6494511,34.830412
113.6563494,34.82896573
113.6591197,34.82777075
113.6581225,34.82779362
113.6578999,34.82743242
113.6651618,34.82988393
113.6637206,34.82758014
113.66784,34.83049114
113.6677535,34.82762335
113.66782,34.83082283
113.667833,34.83084278
113.6706861,34.83009011
113.6728634,34.82899012
113.6728913,34.82900106
113.6680109,34.82901338
113.673526,34.8314043
113.668054,34.82696347
113.6912518,34.82865723
113.6909573,34.82823317
113.6904809,34.82863455
113.7008041,34.83084689
113.8195061,34.82925475
113.525569,34.82273423
113.5264731,34.82311316
113.5329536,34.82488035
113.5329326,34.82491327
113.533085,34.82530722
113.5318621,34.82492868
113.5318641,34.82495865
113.5317948,34.82576364
113.5327849,34.82670402
113.5313172,34.8258324
113.5310965,34.82543229
113.5310965,34.82543229
113.5309559,34.82638694
113.531,34.82683657
113.5310101,34.82685258
113.5399846,34.82472752
113.5417669,34.82412496
113.5456529,34.82346656
113.5444202,34.8267866
113.617225,34.8245999
113.6145217,34.82639665
113.6152182,34.82671566
113.6186839,34.82417381
113.6228921,34.82477634
113.6202025,34.82576146
113.6234116,34.82475373
113.6227201,34.82616009
113.6202264,34.82622294
113.6196931,34.82357434
113.6197238,34.82646225
113.6280974,34.82588942
113.6253155,34.82586115
113.631734,34.82540276
113.6305814,34.82588793
113.6380824,34.82481555
113.6376121,34.82481831
113.6380674,34.82500838
113.6439636,34.82386568
113.6444999,34.82298368
113.6445758,34.82289164
113.6475886,34.82582821
113.6467201,34.82480285
113.6514273,34.82544065
113.6545689,34.82500927
113.6537405,34.82356834
113.6536796,34.82355347
113.652786,34.82499361
113.660796,34.82559785
113.6585798,34.82674486
113.6654299,34.82499359
113.6660049,34.82471478
113.6661567,34.82388337
113.6664759,34.82631319
113.6633135,34.82638719
113.6724314,34.82660147
113.6735549,34.82253064
113.6768901,34.82271715
113.6842071,34.8228406
113.6862326,34.82552516
113.6860518,34.82618778
113.6857194,34.82605751
113.6866299,34.82668024
113.5251288,34.82030565
113.5253535,34.82040114
113.5253106,34.81846107
113.5307911,34.81927803
113.5297387,34.81812166
113.5341881,34.82033008
113.5342292,34.82032418
113.534481,34.82032577
113.5333284,34.81979161
113.5345723,34.81999733
113.5343106,34.81948725
113.5327615,34.82030472
113.5338792,34.81927646
113.5339946,34.81928073
113.5341782,34.81926518
113.533817,34.81917842
113.5334368,34.81921148
113.5338481,34.81914852
113.532288,34.81962231
113.5326051,34.81922049
113.5325981,34.81922447
113.5322649,34.81960227
113.5322589,34.8194694
113.5326594,34.81811978
113.5366921,34.8189683
113.5311434,34.81824398
113.5454709,34.81913677
113.5456614,34.81915712
113.5456592,34.82131185
113.5444842,34.81876819
113.5552606,34.8203989
113.5559943,34.82096346
113.554908,34.8187271
113.5529914,34.81944719
113.5541769,34.82248196
113.5598588,34.82032486
113.5777331,34.81964467
113.6124036,34.82041786
113.6161154,34.81962927
113.6175921,34.82122209
113.6142884,34.82190961
113.6178578,34.82249247
113.6230342,34.82249158
113.6274017,34.82118234
113.6274137,34.82118132
113.6248535,34.82053637
113.6248505,34.82054137
113.6291339,34.8189533
113.6330959,34.8192742
113.6333813,34.82160232
113.6333633,34.82162532
113.6334492,34.82164417
113.6312539,34.82229874
113.6341232,34.82223053
113.6358291,34.82020702
113.6374936,34.8219805
113.6356872,34.82132506
113.6379184,34.818009
113.6354325,34.82200274
113.6438271,34.82110583
113.6447167,34.82165171
113.6474073,34.82172687
113.6506743,34.81846139
113.64696,34.82244791
113.6661102,34.81994362
113.6644351,34.82038737
113.6646279,34.81937507
113.6676702,34.82173373
113.6863369,34.82148725
113.68754,34.82216743
113.689125,34.81863441
113.6917442,34.81841822
113.7528291,34.82138642
113.7563963,34.81987041
113.7601793,34.81896534
113.7917041,34.81965826
113.79089,34.81974892
113.7921482,34.81981378
113.7972188,34.81818657
113.8001348,34.81796967
113.8140048,34.81839596
113.4587034,34.81741378
113.4683076,34.81375484
113.5014762,34.81364897
113.5014711,34.81358502
113.503492,34.81391466
113.5034337,34.81385155
113.5046846,34.81345266
113.5041576,34.81347508
113.5039588,34.81350347
113.5039598,34.81346951
113.5096185,34.8146528
113.5192234,34.81373681
113.5215337,34.81452224
113.5215156,34.8145122
113.5253944,34.8138771
113.5257827,34.81377921
113.5288812,34.81459623
113.5298664,34.81608312
113.5304303,34.81623735
113.5303038,34.8166516
113.5304172,34.81664588
113.5275358,34.8137717
113.5288057,34.81771576
113.5305115,34.81683791
113.5307453,34.81669963
113.5262704,34.81395927
113.5338184,34.81572505
113.5339678,34.81588923
113.5338244,34.81545035
113.5340451,34.81592238
113.5343391,34.81542159
113.5332235,34.81558179
113.5344484,34.81600624
113.5331553,34.81549972
113.5331632,34.81596425
113.5339037,34.81501799
113.5336519,34.81500641
113.5329406,34.81569899
113.5329275,34.8157569
113.5329255,34.81572793
113.5329637,34.81547528
113.5329576,34.81537438
113.5329255,34.81535332
113.5337272,34.81487772
113.5329315,34.81612253
113.5337272,34.81485475
113.5336377,34.81657873
113.532771,34.81552577
113.5337162,34.81480677
113.5327309,34.81549271
113.5327108,34.81534482
113.5330288,34.81644942
113.5326365,34.81599496
113.5329055,34.81498166
113.5326505,34.81689804
113.5324539,34.81680966
113.5319021,34.81591827
113.5324358,34.81688354
113.5318279,34.81555148
113.5324579,34.81691356
113.531876,34.81616794
113.5317898,34.81549145
113.5322392,34.81684711
113.531869,34.81646761
113.5339911,34.81376951
113.5342089,34.81362717
113.5316144,34.81371588
113.5412293,34.81419628
113.5441444,34.81717718
113.5527701,34.81668173
113.5565349,34.81667582
113.5632368,34.81767514
113.5633571,34.81761536
113.563335,34.81766228
113.567518,34.81386113
113.6132845,34.81710658
113.6273074,34.81481616
113.6325768,34.81676662
113.633203,34.81729812
113.6334719,34.81402615
113.6306662,34.81712305
113.630813,34.81787804
113.644245,34.81586962
113.6411038,34.8169998
113.6448723,34.81363387
113.6492638,34.8166209
113.6542356,34.81464881
113.6600265,34.8148007
113.6592469,34.81477022
113.6589475,34.81388172
113.6663771,34.81646676
113.6667883,34.81700641
113.6709443,34.81410948
113.6682032,34.81356031
113.6759524,34.81628469
113.6780319,34.81621986
113.6786637,34.81732353
113.6787126,34.81737039
113.6812734,34.81689217
113.6802781,34.81643148
113.6802382,34.81643455
113.6840014,34.81374953
113.6845775,34.81370355
113.6875018,34.81548353
113.6871831,34.81655696
113.6867039,34.81653182
113.6865391,34.81646718
113.689346,34.8159139
113.6851962,34.81650851
113.6898132,34.81695601
113.684874,34.81350823
113.7864242,34.81763961
113.7917908,34.81533194
113.7925258,34.81476367
113.7925047,34.81471769
113.7966915,34.81721473
113.7957583,34.81424833
113.795981,34.81378218
113.489068,34.81054914
113.5019853,34.81256861
113.5028497,34.81179298
113.5029741,34.81234577
113.5021247,34.81304952
113.5021358,34.81305954
113.4980047,34.81269762
113.5041578,34.81116051
113.512033,34.8113572
113.5107331,34.81079006
113.5129523,34.81272738
113.514714,34.8123078
113.514714,34.8123078
113.5167364,34.81241834
113.5156996,34.81208081
113.523495,34.81068947
113.5211665,34.81278907
113.5294394,34.81214319
113.528942,34.80927296
113.5339623,34.81179451
113.534191,34.81175409
113.5343305,34.81169348
113.533573,34.81201137
113.5328908,34.81170906
113.5329911,34.81198801
113.5344187,34.81223512
113.5326631,34.81183339
113.5344297,34.8122811
113.5342602,34.81236162
113.5345039,34.81228527
113.5339652,34.81256072
113.5344317,34.81248289
113.5344708,34.81248598
113.532977,34.81242452
113.5336762,34.81280977
113.5343103,34.8127733
113.5319808,34.81213643
113.5322918,34.81256473
113.53173,34.81188908
113.5340043,34.81309425
113.531727,34.81209685
113.5320851,34.81255924
113.5320751,34.81258319
113.5320751,34.81258319
113.53456,34.81338725
113.5315954,34.81314444
113.5406819,34.81260978
113.5501491,34.81165543
113.5943433,34.80930956
113.5961747,34.81028124
113.5964917,34.81080962
113.5953136,34.80911562
113.597989,34.81000809
113.59765,34.81001817
113.6154217,34.81120279
113.6195605,34.81190676
113.6199401,34.81272748
113.6232729,34.81283445
113.6194548,34.80948341
113.6286153,34.81127409
113.6287581,34.81124492
113.6329629,34.8117603
113.6324836,34.81048635
113.6325905,34.81017851
113.6320202,34.81015039
113.6316197,34.81021291
113.6332287,34.81004969
113.6390734,34.8109745
113.6392582,34.81086132
113.642663,34.81091354
113.6442156,34.81084394
113.6435148,34.80991213
113.6446088,34.81245656
113.6445063,34.80981551
113.6449612,34.81270269
113.6422788,34.80929889
113.642817,34.80911616
113.6456911,34.81234978
113.6458228,34.81311674
113.6484299,34.81016219
113.6476988,34.8123602
113.6466345,34.81270174
113.6466325,34.81269975
113.6477571,34.80903657
113.6466365,34.81274469
113.646355,34.81240555
113.6460785,34.81233711
113.6514779,34.8093355
113.6529622,34.81075227
113.6561208,34.81019893
113.652942,34.81310284
113.657618,34.8121161
113.667289,34.81179392
113.667288,34.81179791
113.6673019,34.81219947
113.6673718,34.81221032
113.6674456,34.81215224
113.6674786,34.81218314
113.6674786,34.81218314
113.6674786,34.81218314
113.66722,34.81256724
113.6672649,34.81253818
113.6673318,34.81253106
113.6675494,34.81283133
113.6675923,34.81281726
113.6675544,34.81288726
113.6676692,34.81281212
113.6678249,34.81266697
113.6678668,34.81267688
113.6675753,34.81312397
113.6676142,34.81327973
113.6715896,34.81002653
113.6687065,34.81158242
113.6687065,34.81158242
113.6729772,34.81018472
113.6693033,34.81272507
113.6730141,34.81018565
113.6686226,34.81211702
113.6690518,34.81272556
113.6690022,34.8096189
113.6731789,34.80979574
113.6684268,34.81279169
113.6686783,34.81342354
113.6684168,34.81339207
113.6683559,34.8133812
113.6798615,34.80993307
113.6830114,34.80934193
113.6797297,34.81007017
113.6826746,34.81321748
113.6800482,34.80942026
113.6837612,34.80916377
113.6793634,34.80898897
113.6880613,34.81150673
113.6880663,34.81150672
113.6880174,34.81174056
113.6880953,34.81174343
113.6881941,34.81184315
113.6873952,34.81297535
113.689553,34.81275087
113.6919858,34.80943725
113.6923414,34.80890921
113.7885472,34.81017948
113.7878461,34.81293158
113.7899356,34.81042128
113.7899176,34.8103763
113.7926486,34.80973213
113.7941281,34.81298705
113.8026066,34.81010715
113.8107368,34.81190976
113.5122111,34.80709916
113.5124863,34.80575834
113.5290396,34.80718638
113.5290396,34.80718638
113.5277622,34.80739395
113.5409373,34.80665455
113.5452658,34.80525291
113.5448858,34.80509332
113.5456128,34.80483103
113.546037,34.80460909
113.5560519,34.80632191
113.5580384,34.80563265
113.5608103,34.80569551
113.5600126,34.80591818
113.5590724,34.80787181
113.5669568,34.80627047
113.5806096,34.80681071
113.5962402,34.80591279
113.5946945,34.80897486
113.5946565,34.80903181
113.5984184,34.80674637
113.5980064,34.80661862
113.6153163,34.80641191
113.6143098,34.8080022
113.6182081,34.80702633
113.621766,34.80682855
113.6205042,34.80628558
113.6232466,34.80684375
113.6235142,34.80815705
113.6277307,34.80761214
113.627442,34.80779334
113.6283959,34.80760623
113.6260485,34.80899294
113.6250775,34.80879541
113.6296428,34.80468553
113.633212,34.80767619
113.6309759,34.8065267
113.630965,34.80648376
113.6340898,34.80776976
113.6305576,34.80507882
113.6336337,34.8046677
113.6388941,34.80683013
113.6372786,34.80579083
113.6375319,34.80883924
113.6361782,34.80525414
113.6438645,34.80797155
113.6438109,34.80460916
113.6486768,34.80654652
113.6510239,34.80693584
113.6516459,34.80656109
113.646127,34.80647715
113.6511206,34.80849703
113.6542804,34.80651125
113.6543403,34.80648916
113.6543133,34.80649021
113.6542894,34.80649125
113.653874,34.80681369
113.6542563,34.80790883
113.6563999,34.80472812
113.6583592,34.80767833
113.6583562,34.80768733
113.6581328,34.8057318
113.6578371,34.80748652
113.6587997,34.80511617
113.6586489,34.80514243
113.6607063,34.8049527
113.6572092,34.80716705
113.6571972,34.807238
113.6578932,34.80514586
113.6585457,34.80878582
113.6580396,34.80875082
113.6580396,34.80875082
113.6580346,34.80875183
113.6617515,34.80474192
113.6570128,34.80534632
113.6570114,34.80875776
113.667541,34.80682563
113.6676549,34.80660464
113.6726622,34.80588181
113.6720819,34.8082954
113.6715253,34.80472319
113.6718717,34.80476349
113.675649,34.80567737
113.6766613,34.80538877
113.6784132,34.80681401
113.681613,34.80599497
113.6815999,34.80773817
113.6813905,34.80549889
113.6842049,34.80602725
113.6843327,34.80625479
113.6808065,34.80475274
113.6793498,34.80551763
113.6796334,34.80507956
113.6797053,34.80489262
113.6796274,34.80484681
113.6796274,34.80484681
113.6796274,34.80484681
113.6794657,34.80491804
113.6794677,34.80484411
113.6796235,34.80455413
113.6894597,34.80689715
113.6897443,34.80692064
113.6933511,34.8074311
113.6930794,34.80820174
113.6931124,34.80821966
113.695714,34.80732541
113.7835273,34.80814959
113.7982819,34.80691315
113.7955325,34.80642416
113.7954062,34.80635502
113.7955336,34.80601858
113.798347,34.80727488
113.7980963,34.80806464
113.7989958,34.80710813
113.7991995,34.80647014
113.7990931,34.80751487
113.798365,34.80841272
113.7993056,34.80793679
113.7993336,34.80833142
113.7943806,34.80516363
113.794507,34.80483117
113.7993647,34.80874304
113.8029367,34.80829862
113.8038927,34.80524447
113.8040181,34.80479316
113.8070678,34.80503032
113.8077177,34.80483369
113.8115419,34.80489956
113.527231,34.80127997
113.5306513,34.80352818
113.5315868,34.80034677
113.5361099,34.80431232
113.5361099,34.80431232
113.5400549,34.80442298
113.5563751,34.80180412
113.5582871,34.80445824
113.5591944,34.80146666
113.5676014,34.80151811
113.5652864,34.80133272
113.5948613,34.8012459
113.5964426,34.80238842
113.5964806,34.80217763
113.5963424,34.80371906
113.5996638,34.80333353
113.5993028,34.80351546
113.5991181,34.80106507
113.5984357,34.80357567
113.6025008,34.80287983
113.6228645,34.80195431
113.6284256,34.80136669
113.6247754,34.80315868
113.6293095,34.80180201
113.6289827,34.80355264
113.6287329,34.80445405
113.6306648,34.8017781
113.6300305,34.80258218
113.630353,34.80362862
113.6432851,34.80093589
113.6442692,34.80403995
113.6441983,34.804119
113.6413507,34.80446052
113.6490128,34.80125543
113.6498015,34.80145978
113.6482012,34.80091325
113.6509665,34.80241566
113.6471198,34.80319881
113.6486336,34.80051488
113.646344,34.80367669
113.6514878,34.80032887
113.6551014,34.80217423
113.65579,34.80398904
113.65579,34.80398904
113.6560206,34.80397862
113.6568425,34.8010721
113.6567064,34.8043889
113.6579275,34.80239466
113.6586141,34.80367702
113.6583516,34.8035027
113.6584654,34.80370028
113.658121,34.80396067
113.6574112,34.80396401
113.6665751,34.80386058
113.670621,34.8032055
113.6725538,34.80207699
113.6705351,34.80382602
113.6728662,34.80173774
113.6732106,34.80263715
113.671727,34.80413142
113.6722989,34.80442802
113.6722999,34.80442802
113.6738505,34.80195065
113.6758919,34.8033853
113.6751334,34.80159959
113.6749287,34.80163394
113.6780483,34.80230339
113.6749417,34.80150006
113.6769211,34.8036441
113.6749018,34.80110255
113.6825929,34.80139298
113.6805712,34.80164041
113.6806421,34.80151741
113.6803545,34.80255386
113.6817084,34.80085016
113.6802787,34.80158101
113.6804885,34.80021805
113.6805699,34.80440254
113.6795257,34.8036952
113.6806977,34.80448322
113.6860742,34.80391114
113.6871894,34.80445262
113.6849729,34.80424574
113.6940307,34.80254409
113.6944332,34.80255643
113.6903589,34.80210862
113.690317,34.80211268
113.6898758,34.80097661
113.6976492,34.80011291
113.7245019,34.80150922
113.7925,34.80181217
113.7918284,34.80083914
113.7964945,34.80276153
113.7962027,34.80288593
113.7983525,34.80287348
113.7983976,34.80305536
113.794751,34.80141212
113.7943429,34.80169518
113.7988327,34.80418791
113.8035931,34.80256973
113.8036593,34.80258184
113.8031608,34.80338313
113.8019574,34.80349593
113.8030856,34.80345193
113.8019143,34.80401632
113.8008353,34.80351699
113.8007891,34.80384457
113.8029712,34.80437977
113.8030685,34.80436795
113.8039229,34.80446034
113.7999608,34.80446851
113.8085462,34.80422282
113.8075433,34.80428295
113.8100095,34.80364807
113.8068312,34.80432763
113.8069576,34.80439278
113.806417,34.8043129
113.810854,34.80350875
113.8106133,34.80391789
113.8106695,34.80388602
113.8105722,34.80400173
113.8106444,34.80399187
113.8188,34.80049263
113.8208031,34.80016472
113.5330767,34.79927347
113.551089,34.79730805
113.5521566,34.79778341
113.5524962,34.79994775
113.5544833,34.79710999
113.5548803,34.79631945
113.5536604,34.79587293
113.5529367,34.79571089
113.5595084,34.79761511
113.5660351,34.79799605
113.5679064,34.79758252
113.5657167,34.79634739
113.5730955,34.79658942
113.5813071,34.79900117
113.5945295,34.79834795
113.5941455,34.79724115
113.5939432,34.7999154
113.6261954,34.7988663
113.6260715,34.79896037
113.6275871,34.79644295
113.6272211,34.80002873
113.6313993,34.79804491
113.6311007,34.79811328
113.6311496,34.79837294
113.6314014,34.79667733
113.6312586,34.79670351
113.6313842,34.79937056
113.6341728,34.79662723
113.6312183,34.79977838
113.6340341,34.79612696
113.6341389,34.79618175
113.6388452,34.79731311
113.6397918,34.79742744
113.6356248,34.79731028
113.6407763,34.79757065
113.6435082,34.79650111
113.6430719,34.79635102
113.640977,34.79736952
113.6451457,34.79622355
113.6418988,34.7959814
113.6453484,34.79606735
113.6487257,34.79806226
113.6501733,34.79779291
113.6463507,34.7964332
113.6460552,34.79634482
113.6551678,34.79752094
113.6544351,34.7967631
113.655614,34.79724938
113.6568049,34.79778658
113.6548391,34.79984015
113.655463,34.79975007
113.6618273,34.79633052
113.6643217,34.79738664
113.666389,34.79845356
113.6709829,34.79837883
113.6718215,34.79780782
113.6696924,34.79583493
113.668159,34.79642926
113.6825333,34.79933623
113.682027,34.79963384
113.680263,34.79927544
113.6838492,34.79907613
113.6805125,34.79997925
113.6840518,34.79954927
113.6932023,34.7984417
113.6910434,34.79777097
113.6911513,34.79691268
113.691266,34.79878655
113.694927,34.79773365
113.6984275,34.79759134
113.697148,34.79858427
113.7602679,34.79643093
113.7622376,34.79763792
113.7615156,34.79651462
113.7610861,34.79602485
113.782439,34.79692483
113.7827467,34.79703013
113.7825874,34.7965684
113.7861586,34.79780496
113.7864001,34.79842865
113.7864152,34.79856153
113.7864663,34.7985686
113.7876193,34.79622068
113.8146128,34.79779362
113.8148124,34.79721159
113.8151113,34.79775758
113.8211302,34.79845012
113.8163026,34.79984363
113.5292498,34.79251014
113.5274856,34.79428188
113.5300013,34.79252399
113.5458286,34.79289584
113.5446043,34.79202332
113.5465136,34.79220089
113.5466958,34.79478257
113.5419197,34.79174211
113.5418726,34.79133043
113.5506643,34.79369604
113.5507676,34.79368623
113.5486083,34.79112796
113.5664541,34.79490872
113.576231,34.79315734
113.5750135,34.79264101
113.6002368,34.79438561
113.6051952,34.79504056
113.6025716,34.79474624
113.602056,34.79203828
113.6209312,34.79340847
113.6223898,34.79362952
113.6218163,34.79446034
113.6192744,34.7952724
113.6269511,34.79369066
113.6273176,34.7939529
113.6276193,34.79403141
113.6270311,34.79231298
113.6315466,34.79314477
113.6335789,34.79433251
113.6337299,34.79227541
113.6325152,34.79498744
113.6312248,34.79515117
113.6382017,34.79218247
113.6377284,34.79167376
113.6360048,34.79214203
113.6401438,34.79229716
113.6385059,34.79545759
113.6387779,34.79132242
113.6358281,34.79193452
113.6355115,34.7921458
113.6355055,34.79214181
113.6354346,34.79166042
113.6444022,34.79289829
113.641143,34.79532436
113.6500208,34.79526981
113.6526037,34.79301639
113.6529552,34.79133347
113.6598809,34.79400565
113.6600077,34.79400141
113.6600187,34.79401538
113.6594588,34.79263587
113.6601197,34.7923609
113.6601197,34.7923609
113.6586571,34.79352148
113.6595727,34.79217613
113.6579393,34.79399736
113.6578944,34.79398346
113.6623767,34.79269923
113.6578397,34.7920046
113.6583409,34.79135732
113.6579835,34.79140495
113.6663196,34.7934289
113.6665073,34.79331366
113.6663816,34.79248875
113.6668139,34.79230012
113.6633539,34.79343159
113.6723312,34.79159628
113.680596,34.79394735
113.6814984,34.79497563
113.6841942,34.79380098
113.6870098,34.79421557
113.685669,34.79245175
113.6862559,34.79462247
113.6875742,34.7910978
113.6880805,34.79109093
113.6989206,34.79128612
113.7479596,34.79202995
113.7795169,34.79337881
113.7820255,34.7929654
113.7822139,34.79321838
113.7797422,34.79479962
113.7825036,34.79257142
113.780113,34.79515471
113.782704,34.79293331
113.7797686,34.79118039
113.7793527,34.79127279
113.7828483,34.79388652
113.7807508,34.79102877
113.7848528,34.79500105
113.8103798,34.79205377
113.8153413,34.79408481
113.8164338,34.79212188
113.8164328,34.79211988
113.4908815,34.78800097
113.4907731,34.78786079
113.5107447,34.78705872
113.5209533,34.78858265
113.521115,34.78742328
113.5282406,34.79082535
113.5389122,34.78757294
113.5409663,34.78813281
113.5413525,34.78760917
113.5456687,34.78806651
113.5444434,34.78733583
113.5466321,34.78987752
113.5426684,34.78681774
113.5677541,34.78823202
113.5704855,34.78874523
113.5704374,34.78867026
113.5701577,34.79079181
113.596585,34.78948975
113.6004435,34.7876305
113.6012185,34.78745337
113.6009922,34.7905223
113.597054,34.78957256
113.6018111,34.79090656
113.6313822,34.78939489
113.6343534,34.7885503
113.6320786,34.78703329
113.6371755,34.78841801
113.6394881,34.78978085
113.6384968,34.78726706
113.6395841,34.78771681
113.640307,34.7878285
113.6396786,34.79101226
113.6350347,34.78726757
113.644182,34.78811461
113.6419595,34.78828924
113.645338,34.79036427
113.6409562,34.78693533
113.6465461,34.78995555
113.6468934,34.79094192
113.6536055,34.78788082
113.6545449,34.78756739
113.654488,34.78746361
113.6542674,34.7872862
113.653333,34.78754268
113.6547336,34.78729132
113.6553835,34.78712527
113.6537613,34.78681663
113.6562216,34.79106464
113.6582613,34.7892946
113.6585547,34.78987944
113.6589493,34.78739525
113.6588395,34.78738347
113.6591789,34.78709612
113.6581417,34.78743374
113.6586339,34.78709416
113.6595613,34.7867957
113.6596112,34.78672668
113.6596112,34.78672668
113.6592398,34.78673937
113.6612798,34.7906914
113.6586029,34.78686445
113.6625997,34.78845618
113.6625557,34.78959309
113.6613481,34.78661347
113.6571122,34.790055
113.6576785,34.7868732
113.6624381,34.78715782
113.6569568,34.78711432
113.6569708,34.78704436
113.6668952,34.78733208
113.6703591,34.7872715
113.6733776,34.78980214
113.6741603,34.78918729
113.6819361,34.7907502
113.6869836,34.78702603
113.6930276,34.78881594
113.6953582,34.79037258
113.6995199,34.79057195
113.6995369,34.79057492
113.6997187,34.79055268
113.7054815,34.78906705
113.7055944,34.78908788
113.7060579,34.78875061
113.707046,34.78885521
113.7171063,34.78853203
113.719844,34.78776724
113.7654856,34.78826396
113.7666737,34.78666555
113.7817432,34.78990419
113.7814995,34.79077898
113.787659,34.79084429
113.8106271,34.78744297
113.8137772,34.78902214
113.813332,34.78827209
113.8149627,34.78878858
113.8126541,34.78693521
113.8124725,34.78696685
113.8125889,34.78682421
113.8125889,34.78682421
113.8165245,34.78753477
113.5398482,34.78605355
113.56686,34.78413227
113.5657692,34.78266255
113.5685981,34.78290637
113.5722347,34.78288982
113.5709378,34.7829486
113.5707054,34.78268965
113.5771612,34.78348991
113.5772013,34.78326217
113.5773835,34.78289566
113.5774036,34.78252505
113.5902783,34.78413479
113.5904134,34.78403989
113.5923932,34.78531659
113.5923852,34.78531559
113.5966077,34.78216727
113.5974528,34.78290231
113.6047284,34.7840092
113.6025036,34.78574356
113.6118099,34.78283745
113.6155533,34.78550733
113.6144384,34.78271226
113.6242539,34.78440973
113.6245125,34.78610566
113.6321198,34.78485947
113.6317331,34.78624062
113.6339023,34.78615845
113.6377771,34.7840885
113.6396124,34.78484272
113.6384333,34.78280974
113.6364831,34.78269599
113.6350291,34.78317578
113.640727,34.7821846
113.644987,34.78622614
113.6506461,34.78245786
113.6460354,34.78518137
113.6459276,34.78517057
113.6564042,34.78286573
113.6568694,34.78297474
113.656889,34.78575485
113.6567542,34.78632252
113.6600227,34.78412057
113.6600786,34.78411247
113.6602333,34.78443384
113.6608142,34.78500715
113.6595834,34.78533616
113.6595325,34.7853942
113.6595225,34.78542818
113.6595294,34.78546613
113.6603712,34.78301304
113.6583915,34.78498379
113.6608102,34.78551064
113.6603054,34.78291527
113.6609702,34.78313177
113.6585911,34.78537001
113.6585841,34.78538301
113.658651,34.7854648
113.6608394,34.78297818
113.6579612,34.78538919
113.6579592,34.78538819
113.6623177,34.78400629
113.6577835,34.78538753
113.6574283,34.78408354
113.6586689,34.78612409
113.6573684,34.78407766
113.658858,34.78241154
113.6573165,34.78406477
113.6584313,34.7861625
113.6584972,34.7862363
113.6578663,34.78585689
113.6575961,34.78300333
113.6579232,34.78613849
113.6584722,34.78650108
113.6571736,34.78538768
113.6574524,34.78252909
113.656927,34.78573979
113.6626628,34.7863692
113.6656887,34.7842236
113.6659622,34.78412717
113.6659622,34.78411418
113.664926,34.78491036
113.6646844,34.78490083
113.6643659,34.78537895
113.6635076,34.78366236
113.6633269,34.78387949
113.663266,34.78392456
113.6678738,34.78485575
113.6659101,34.78639694
113.6635127,34.78275928
113.6630346,34.78218379
113.6699013,34.78398076
113.6682571,34.78519267
113.6682571,34.78519267
113.6733191,34.78587829
113.674028,34.78489795
113.6748598,34.7824399
113.6782271,34.78233369
113.6784897,34.78221832
113.6788521,34.78231855
113.6788521,34.78231855
113.6795707,34.78440108
113.6808088,34.78246678
113.6815646,34.78222665
113.6916761,34.78251865
113.6991951,34.78315507
113.7000559,34.78443447
113.6983069,34.78594055
113.6983888,34.78611325
113.6974084,34.78244052
113.7100388,34.78397248
113.7148431,34.78434265
113.7147072,34.78431382
113.7176794,34.78471739
113.7203971,34.78448812
113.7209079,34.78442174
113.7378545,34.7834623
113.7457266,34.78452846
113.7455685,34.78453245
113.7455045,34.78380519
113.7648,34.78338944
113.7680924,34.78467279
113.7798265,34.78438646
113.7799456,34.78538358
113.7816634,34.78618891
113.7821766,34.78589987
113.7822868,34.78634656
113.7864107,34.78353603
113.786515,34.78349722
113.7857091,34.78322437
113.7857653,34.78274594
113.7854355,34.78258065
113.786874,34.78266458
113.7879012,34.7849607
113.7867577,34.78249659
113.7870093,34.7823471
113.7920417,34.78408578
113.7900034,34.78542331
113.7899964,34.7854213
113.7960493,34.78378842
113.7971712,34.78517683
113.7959982,34.78293022
113.8013348,34.78321683
113.8013338,34.78302902
113.8013338,34.78299305
113.8080549,34.7836602
113.8140807,34.78364523
113.8152602,34.78343363
113.8175781,34.78330009
113.8173956,34.78340065
113.8180556,34.78259571
113.818166,34.78244607
113.816482,34.7822731
113.510132,34.78080038
113.5101802,34.78085246
113.5689408,34.78149417
113.5946297,34.77828859
113.5914014,34.77938668
113.5914014,34.77938668
113.5929107,34.7820619
113.5968601,34.7793461
113.5968451,34.77845701
113.5996145,34.77813654
113.5989571,34.78178103
113.5976119,34.78166754
113.5977139,34.78199817
113.5976399,34.78202317
113.6051688,34.77927879
113.604053,34.7793863
113.6045438,34.78104933
113.6059334,34.78120137
113.6030433,34.77849773
113.6115633,34.78001954
113.6095192,34.78095419
113.6082559,34.7793028
113.6082559,34.7793028
113.6083309,34.77906698
113.6127196,34.78078378
113.6155589,34.78018878
113.6151142,34.78016723
113.628151,34.78110798
113.6319477,34.77766609
113.6368267,34.78180536
113.642226,34.77966564
113.6413273,34.78056525
113.6412923,34.78056331
113.6479567,34.78092631
113.6492429,34.77849448
113.6480275,34.78188221
113.6505144,34.78161097
113.6500795,34.77777569
113.6501255,34.77775063
113.6515727,34.78126239
113.6517348,34.77778664
113.6543958,34.78166573
113.6546514,34.78166026
113.6566132,34.77921407
113.6535203,34.78205297
113.6533336,34.78201835
113.6562849,34.77808185
113.6527376,34.78175273
113.6575715,34.77997049
113.6618887,34.78144774
113.6622135,34.77821043
113.657157,34.78165555
113.657157,34.78167852
113.665803,34.77948823
113.6652271,34.77895189
113.6640599,34.7807433
113.6637537,34.77866101
113.6663043,34.77814264
113.6663208,34.78177389
113.6636889,34.77806075
113.6672202,34.78183011
113.6756177,34.78088906
113.6789034,34.7789469
113.6791457,34.78159175
113.6793348,34.77763844
113.6939143,34.77952104
113.735707,34.7817157
113.7421508,34.77962953
113.7412244,34.77871156
113.7394544,34.7803012
113.7648195,34.77938056
113.7648285,34.77904791
113.7660535,34.7793006
113.7659561,34.78114264
113.7691216,34.780482
113.7669319,34.7797089
113.7760769,34.78107843
113.7760769,34.78107843
113.7760749,34.78108143
113.7765208,34.78078523
113.7762983,34.78153422
113.7763003,34.78153322
113.7764897,34.78152244
113.7787566,34.7799557
113.7784951,34.77995239
113.7781182,34.78030358
113.7876942,34.78046201
113.7877493,34.780555
113.7878055,34.78048415
113.7877814,34.78053306
113.7846708,34.78124697
113.7876149,34.78092742
113.7877022,34.78090157
113.788027,34.7805544
113.7881473,34.78055657
113.7882616,34.780296
113.7882626,34.78030699
113.7882736,34.78030002
113.7882766,34.78029702
113.7845545,34.78149256
113.7878284,34.78106958
113.7875738,34.78144483
113.7882355,34.78083142
113.7921665,34.78008607
113.7923069,34.77957281
113.7923039,34.77954384
113.7922898,34.77949486
113.792348,34.77967777
113.792363,34.77961685
113.7923209,34.7793121
113.7922015,34.78055564
113.7922576,34.78060468
113.7923599,34.78052692
113.7922226,34.78065957
113.7903969,34.78088356
113.7970974,34.78125173
113.7977471,34.78150055
113.7993415,34.78158212
113.8019216,34.78147562
113.8014834,34.78161872
113.8012437,34.78177914
113.8000494,34.78182407
113.7999401,34.78189481
113.8070553,34.78155156
113.8070001,34.78153248
113.8120641,34.77951274
113.8124601,34.7812387
113.8128904,34.78140033
113.8121783,34.78126816
113.8147248,34.78135477
113.8146817,34.78138766
113.8118322,34.78130248
113.8155582,34.78184082
113.838972,34.78204689
113.5072869,34.7736674
113.5219846,34.77350485
113.5336822,34.77570915
113.5343875,34.7746419
113.5344487,34.77445523
113.5323109,34.77411051
113.587947,34.77408781
113.5946298,34.77688603
113.5952543,34.77391096
113.5957861,34.77718753
113.5984936,34.7762798
113.5977517,34.77409024
113.6058689,34.7768129
113.6068239,34.77413203
113.6079085,34.77487056
113.6064287,34.77760874
113.6100865,34.77584898
113.6084421,34.77602301
113.6128061,34.77558302
113.6124925,34.7734105
113.6202139,34.77381938
113.6191238,34.77426614
113.6485534,34.77472757
113.6505809,34.77551608
113.6492713,34.77382319
113.6509534,34.77492001
113.6503741,34.77746747
113.6561056,34.77415719
113.6521133,34.7762615
113.6561467,34.77319309
113.6599019,34.77507505
113.6599019,34.77507505
113.6599668,34.77504995
113.6604709,34.77494909
113.6604919,34.77488312
113.6616419,34.77450131
113.6622069,34.77470602
113.6622069,34.77470602
113.6624184,34.77576453
113.6623696,34.7747077
113.6623124,34.77705442
113.6627517,34.77701562
113.6658884,34.77453512
113.6658844,34.77451115
113.6644408,34.77600441
113.6644408,34.77600441
113.67113,34.77589768
113.671753,34.77466874
113.6703982,34.7762667
113.6699163,34.77402591
113.6699094,34.77381613
113.6699084,34.77381614
113.6703576,34.77365444
113.6720766,34.77322959
113.6728842,34.77358469
113.6737995,34.77486964
113.6737995,34.77486964
113.6681552,34.77637989
113.6737507,34.77345717
113.6777066,34.7767244
113.6778614,34.7766352
113.6782091,34.77368056
113.6742069,34.773764
113.6742129,34.773753
113.680506,34.77590505
113.6832036,34.77627077
113.6827293,34.7765883
113.680448,34.77706997
113.6844429,34.77388897
113.6846676,34.77317529
113.6846676,34.77317529
113.6894122,34.77533481
113.6855143,34.77328468
113.6912825,34.7746983
113.6927432,34.77679474
113.6917739,34.77346973
113.696727,34.77592724
113.6965911,34.77592945
113.6964144,34.7759597
113.6967639,34.77643566
113.6963834,34.77602867
113.7019375,34.77717916
113.7122671,34.77343464
113.73075,34.77531331
113.7355528,34.77360403
113.7588042,34.77389725
113.7589255,34.77298924
113.7626446,34.77454993
113.7652997,34.77475465
113.7614499,34.77417952
113.7612096,34.77408946
113.7674093,34.77462149
113.7674671,34.77654358
113.7837402,34.77611895
113.7835988,34.77693393
113.8029993,34.77576132
113.803929,34.77514657
113.5184291,34.77069107
113.5175597,34.77223811
113.5246655,34.76972577
113.5344028,34.77238822
113.5342533,34.7725587
113.5336273,34.77260917
113.5458261,34.76911717
113.5860042,34.76900958
113.5997722,34.77126448
113.6045827,34.77177377
113.6048716,34.77263074
113.6080248,34.77108233
113.6180591,34.7698208
113.6144598,34.76916805
113.6130226,34.76976574
113.6329233,34.77021922
113.6377644,34.77202784
113.6406974,34.76899809
113.6427342,34.77040122
113.6451743,34.77067371
113.6448679,34.76998095
113.6411586,34.77062966
113.6492806,34.77127676
113.6472352,34.76878897
113.6541034,34.77109706
113.6544908,34.77042402
113.6535464,34.77101219
113.6539708,34.76977565
113.6561509,34.77048883
113.6559354,34.77000973
113.6563685,34.77107183
113.6564334,34.77047731
113.6564554,34.77048626
113.656692,34.77049181
113.6547056,34.76889916
113.6523985,34.76948687
113.6561201,34.76899241
113.6585237,34.77118164
113.6584259,34.77134666
113.6583663,34.7686585
113.6658866,34.77221748
113.6662759,34.77232563
113.6671135,34.77207927
113.6664216,34.77289077
113.6665733,34.77289947
113.6718023,34.77159977
113.6696512,34.76964886
113.673098,34.77166823
113.6703207,34.77289429
113.6765111,34.77209435
113.6762409,34.76942057
113.6751215,34.77237368
113.6831611,34.77199719
113.6790888,34.77185379
113.6790062,34.76911372
113.6857282,34.77130931
113.6853627,34.771266
113.6957179,34.76994191
113.6983547,34.76886591
113.6985335,34.76852699
113.7026365,34.77013933
113.7036342,34.77203401
113.7108037,34.7691447
113.7211181,34.77198127
113.7318183,34.77248167
113.7493639,34.77201769
113.7589255,34.77298924
113.7662039,34.76854267
113.769297,34.76987397
113.7691065,34.77221841
113.8404886,34.77036746
113.5074234,34.76483775
113.5041186,34.76540148
113.5084653,34.76526735
113.5083369,34.7644498
113.5083971,34.76444698
113.5186131,34.7678105
113.5187345,34.76816347
113.5186973,34.76855397
113.5299901,34.76549958
113.5300373,34.76553766
113.5300393,34.76551069
113.5272696,34.76844477
113.533868,34.76435011
113.5441708,34.76684918
113.5449739,34.76746916
113.5420428,34.76620545
113.5570163,34.7660228
113.5573822,34.76554684
113.5683552,34.76803927
113.5696073,34.76712446
113.5999568,34.7659508
113.5988197,34.76594719
113.5977625,34.76696247
113.6007638,34.76518926
113.5977624,34.76745098
113.6057302,34.76444853
113.6057302,34.76444853
113.6023134,34.76840534
113.6236526,34.76450075
113.6262756,34.76719367
113.6262756,34.76719367
113.6326069,34.76809185
113.6382633,34.76600913
113.6386469,34.76527225
113.6394786,34.76577138
113.6354762,34.7671714
113.640591,34.76488643
113.6413509,34.76457946
113.6540409,34.7670283
113.6540419,34.76736396
113.6560693,34.76806345
113.6620901,34.76514894
113.6621071,34.76498407
113.6570607,34.7667539
113.663153,34.7673237
113.6629971,34.76827304
113.6738532,34.7674291
113.6763211,34.76627261
113.6817888,34.76762512
113.6874022,34.76596679
113.6878764,34.76639453
113.6893443,34.76547793
113.6893443,34.76547793
113.6893443,34.76547793
113.6893443,34.76547793
113.6893443,34.76547793
113.6893443,34.76547793
113.6855439,34.76741458
113.6852822,34.76844001
113.6950752,34.76613279
113.6902238,34.76717072
113.6901438,34.76822679
113.695778,34.7679868
113.6970545,34.76664216
113.6961049,34.76563267
113.6985335,34.76852699
113.7040465,34.76541814
113.7083093,34.76517377
113.7077039,34.76514057
113.7080353,34.76788237
113.714993,34.76556562
113.7377341,34.76746064
113.7415067,34.7682272
113.8135768,34.76767558
113.4842396,34.76119748
113.4832649,34.76109271
113.4962672,34.76322433
113.4960854,34.76359641
113.4985572,34.76283956
113.5174645,34.76177543
113.5167851,34.76086146
113.5338329,34.76351986
113.5817143,34.76204816
113.5817133,34.76204816
113.5829293,34.76364205
113.5841237,34.75974739
113.5859077,34.76354309
113.5905627,34.76276155
113.5901054,34.76373854
113.5901064,34.76373854
113.5860158,34.76361904
113.5943733,34.76211304
113.5963737,34.76240141
113.5914722,34.76219014
113.5914482,34.76206227
113.5917902,34.76310022
113.5968449,34.76122249
113.5986522,34.76138984
113.5995263,34.76043251
113.5995693,34.76025867
113.5977089,34.76313036
113.6005024,34.76024734
113.597027,34.76122145
113.6009673,34.76019122
113.6060755,34.76045235
113.602376,34.76293184
113.6084786,34.76151269
113.6169749,34.76103081
113.614926,34.7635383
113.6189314,34.76057921
113.6239474,34.76414275
113.6239474,34.76414275
113.6312201,34.76381222
113.6304051,34.76387034
113.6444423,34.76278697
113.6481255,34.76156268
113.6504913,34.76404488
113.6524114,34.76096046
113.6558891,34.76366523
113.6522727,34.7600776
113.6651809,34.76215902
113.6650231,34.7626798
113.6664936,34.76237928
113.6636657,34.7610051
113.6672184,34.76095132
113.6633313,34.76119954
113.6718274,34.76048696
113.6767179,34.76175842
113.6788405,34.75978745
113.6796261,34.7608779
113.6794983,34.76098303
113.6795033,34.76082418
113.6885819,34.760761
113.6945554,34.76136544
113.6990634,34.76333244
113.6991087,34.75988384
113.7001314,34.76015704
113.6965789,34.75975985
113.7016825,34.76150842
113.701236,34.7610805
113.7065753,34.76152068
113.7064683,34.76277256
113.7008594,34.76139673
113.7145348,34.76158313
113.7161369,34.76055849
113.7270066,34.76240456
113.7253142,34.75954658
113.7445024,34.76008327
113.7588296,34.76174857
113.7995904,34.76041603
113.8028164,34.7598671
113.8054006,34.76137111
113.4949868,34.75739536
113.5135181,34.75923093
113.5164622,34.7578366
113.5180891,34.75838256
113.5150639,34.75868085
113.5726851,34.75653193
113.5722185,34.7562658
113.5744225,34.75647638
113.5744136,34.75551334
113.5816696,34.75871449
113.5817107,34.75877645
113.5898087,34.75846283
113.5883008,34.75919393
113.5887441,34.75920997
113.5891603,34.75913809
113.5898727,34.75897532
113.5899878,34.75897333
113.590371,34.7589214
113.5930705,34.75578952
113.5927304,34.7559274
113.5925743,34.75592941
113.5924429,34.75918215
113.5951698,34.75950855
113.5921677,34.75967466
113.5920877,34.75966967
113.5991756,34.75753055
113.5996557,34.75644348
113.6019215,34.75872329
113.605122,34.75838699
113.605799,34.7563826
113.6065828,34.75622328
113.6051203,34.75550988
113.6051693,34.75551285
113.610994,34.75741991
113.6122481,34.75900628
113.6122971,34.7591441
113.6086112,34.75536178
113.6165525,34.75785044
113.6133817,34.75726504
113.6213965,34.7578212
113.626742,34.75785847
113.6268388,34.75865853
113.6254474,34.75806995
113.6283771,34.75833877
113.6292312,34.75803188
113.6292131,34.75875618
113.6294498,34.75868692
113.6364708,34.75728679
113.6366255,34.75800683
113.6359585,34.7573895
113.6406317,34.75810119
113.6425437,34.75823982
113.6440463,34.75884263
113.6421825,34.7559867
113.6413536,34.75807201
113.6420378,34.7558291
113.6530176,34.75797334
113.6528879,34.75803552
113.6527919,34.7593274
113.6583164,34.75850484
113.6622786,34.75664514
113.661597,34.75532976
113.6664541,34.75787089
113.6666539,34.75661576
113.6712149,34.75651312
113.6708573,34.75858273
113.668912,34.75623781
113.6720402,34.75904101
113.668905,34.75623682
113.6705517,34.75942547
113.6684029,34.75629972
113.6683719,34.75621187
113.6681393,34.75629024
113.6755145,34.756474
113.6785013,34.75735153
113.6739641,34.75673167
113.6741325,34.75922385
113.6796274,34.7578939
113.6795524,34.75913379
113.6885533,34.75770512
113.6926675,34.75665924
113.6924448,34.75663363
113.6919194,34.75791621
113.6901891,34.75588215
113.6973722,34.75658281
113.6982442,34.75537468
113.7002524,34.75887715
113.7003643,34.75900586
113.7048707,34.75514435
113.7141765,34.75728084
113.7141675,34.75751861
113.7156236,34.75688571
113.7153195,34.75888801
113.7153255,34.75905284
113.7174724,34.75721951
113.7184758,34.75826051
113.7253195,34.75667146
113.7228389,34.75881017
113.7330481,34.75743532
113.732951,34.75804875
113.7334901,34.75736221
113.7318682,34.75504824
113.7322482,34.75502209
113.7361577,34.75767195
113.7358386,34.75762709
113.7358386,34.75766406
113.7358346,34.75767005
113.7359777,34.75640927
113.7364089,34.75633321
113.7344443,34.75713407
113.7387756,34.75741253
113.743846,34.75939497
113.7483757,34.75661207
113.7508461,34.75521996
113.8052187,34.75580239
113.5234612,34.75146198
113.5232966,34.75118682
113.5232685,34.75107985
113.5551623,34.75481819
113.5531608,34.75203469
113.5702827,34.75445386
113.5826302,34.75266795
113.5828463,34.75362308
113.582578,34.75358301
113.5845599,34.75213816
113.5845669,34.75214615
113.5812921,34.75128576
113.5938631,34.75305119
113.5955916,34.7524955
113.5938809,34.7545387
113.5959527,34.75251641
113.594393,34.75466651
113.6012151,34.75326606
113.5981171,34.75186455
113.6014431,34.75305318
113.5992989,34.75492112
113.6054795,34.75305013
113.6048056,34.75340217
113.6054795,34.75281137
113.6052465,34.75348483
113.6047916,34.75354403
113.6046607,34.75227437
113.6040999,34.75202393
113.6043629,34.75163118
113.6024918,34.7545562
113.6079418,34.75203357
113.6102658,34.75226564
113.6110073,34.75444787
113.6092431,34.75419449
113.6109563,34.75457379
113.609343,34.75444516
113.6087402,34.7547493
113.6129595,34.75150118
113.617874,34.75262731
113.6169635,34.75450138
113.6145675,34.75153069
113.6140978,34.75177688
113.6140978,34.75177688
113.613498,34.75371049
113.6130044,34.75268596
113.6129595,34.75150118
113.6197525,34.75282508
113.6312283,34.7521659
113.6306767,34.75487699
113.6383167,34.7520241
113.6384306,34.75129464
113.6391127,34.75087295
113.6423637,34.75136401
113.6457823,34.75179065
113.6535451,34.75472961
113.6532735,34.75476907
113.6595167,34.75450556
113.6625536,34.75205221
113.6672043,34.75310822
113.6665986,34.75121827
113.6677653,34.75292532
113.6676915,34.75230708
113.6668362,34.75111392
113.6715616,34.75385512
113.6715606,34.75388609
113.6715516,34.7541009
113.6715496,34.7541049
113.6715496,34.7541049
113.6715496,34.7541049
113.6726539,34.75168521
113.6733756,34.75239813
113.6734465,34.75233705
113.6736422,34.75153748
113.6679781,34.75123061
113.6737521,34.75118163
113.6679253,34.75085009
113.6752573,34.75312983
113.6761998,34.75156862
113.6779247,34.75381914
113.6782601,34.75377356
113.677702,34.75438499
113.681906,34.75455007
113.6874884,34.75261806
113.6874196,34.7521906
113.6856982,34.75256425
113.6851168,34.75499385
113.6950606,34.75257645
113.6902491,34.75504189
113.6987397,34.75452478
113.7055831,34.7536459
113.7096125,34.75254484
113.7083836,34.75238452
113.7078182,34.75196266
113.7152802,34.75297298
113.7139621,34.75297139
113.7157219,34.75308741
113.7191261,34.75244273
113.72176,34.75160427
113.7227855,34.75332871
113.725156,34.75216209
113.7243481,34.75285299
113.7305685,34.75172121
113.7291473,34.75361808
113.7309362,34.75441233
113.7289933,34.75357322
113.7294465,34.75124029
113.7330126,34.75193385
113.7296996,34.75063675
113.7324687,34.7508182
113.7278724,34.75319126
113.7280543,34.75408226
113.7523239,34.75176683
113.7535279,34.75432766
113.7556734,34.75372209
113.755023,34.75089365
113.7564955,34.75330887
113.7561993,34.7513477
113.765766,34.75143054
113.7858898,34.75184839
113.5320345,34.74991521
113.531884,34.74988787
113.5319873,34.75034966
113.5525877,34.74992783
113.5548981,34.75034024
113.5680628,34.74775632
113.5683693,34.74783656
113.5683693,34.74783656
113.5713021,34.74662161
113.582992,34.74830244
113.582944,34.74784688
113.5821912,34.74895447
113.5830721,34.74758618
113.5830501,34.7475592
113.5831602,34.74714865
113.5890294,34.74778243
113.5865128,34.74840939
113.5909434,34.74820214
113.5893623,34.75070655
113.5935465,34.74744581
113.5932354,34.74729299
113.5929684,34.74710919
113.5932171,34.75013416
113.5919069,34.74741692
113.5986756,34.74767056
113.5999837,34.74723455
113.5995757,34.74670722
113.6001678,34.74672599
113.6042672,34.74898087
113.6048212,34.74747307
113.6062777,34.74914354
113.6060247,34.74943241
113.6037524,34.74738474
113.6077961,34.75026744
113.6106732,34.7469706
113.608543,34.74815702
113.6107112,34.74669484
113.6128769,34.74812262
113.6092505,34.75031136
113.6129278,34.7488958
113.6127988,34.74950231
113.6128028,34.74950331
113.609153,34.74635037
113.6157089,34.75018594
113.6135626,34.74745667
113.6296526,34.74840891
113.6241307,34.74925845
113.6299214,34.7478351
113.6297526,34.74743474
113.6241756,34.74973591
113.6298046,34.74744266
113.6333898,34.74934651
113.6311519,34.7478703
113.6308194,34.74705859
113.6345535,34.74740666
113.6300263,34.74788091
113.6304248,34.74716805
113.6304968,34.7470041
113.6385407,34.74903172
113.6385497,34.7491316
113.6400383,34.75065064
113.6442561,34.7484097
113.6424878,34.74890825
113.6422132,34.74926336
113.6448063,34.74783031
113.6420444,34.74934257
113.644253,34.74984128
113.6425076,34.75016896
113.6429579,34.75064471
113.6447132,34.75044687
113.6426034,34.75062234
113.6448154,34.74646066
113.6459534,34.74811002
113.6659978,34.7492364
113.6667155,34.74951674
113.6661065,34.75017026
113.6648018,34.75052741
113.6685622,34.75062409
113.6754664,34.74819436
113.6749135,34.7469966
113.684765,34.74972774
113.6882807,34.74871058
113.6883745,34.74874539
113.688123,34.7476589
113.6882788,34.74752177
113.6884555,34.74744254
113.688842,34.74715317
113.6854931,34.74730586
113.6857517,34.74660809
113.7035096,34.75046191
113.7075207,34.74934265
113.7142443,34.74947258
113.7125076,34.74893703
113.7190644,34.74980642
113.7226689,34.75029483
113.7226899,34.75030181
113.737689,34.74998121
113.7402404,34.7464682
113.7397902,34.74645029
113.7538187,34.74991916
113.7563819,34.74778133
113.7565509,34.75000619
113.7565949,34.75005716
113.7654235,34.75003566
113.8244275,34.7469986
113.8226882,34.74729904
113.5688794,34.74564326
113.5737488,34.74516514
113.5776597,34.74571236
113.5774945,34.74590007
113.5774384,34.74598994
113.5836492,34.74189204
113.600626,34.7443222
113.5987399,34.74486632
113.5998039,34.74515868
113.5978337,34.74544701
113.6044057,34.74323251
113.603341,34.74211517
113.6021259,34.74506084
113.6127974,34.7439778
113.6127674,34.74367213
113.6087685,34.74223973
113.6082457,34.74252881
113.6162781,34.74419833
113.6160303,34.74369808
113.6163292,34.74346501
113.6163292,34.74346501
113.6155146,34.74461068
113.6164771,34.74346886
113.6149102,34.74326759
113.6145822,34.74483734
113.6158173,34.74554046
113.617581,34.74554068
113.6149559,34.74598984
113.6149928,34.74603576
113.6185954,34.74378534
113.6145681,34.74601418
113.6212011,34.74448773
113.6217955,34.7447268
113.6206496,34.7436432
113.6198324,34.74319557
113.6214257,34.74567729
113.6201542,34.74226013
113.6200663,34.74190459
113.6274346,34.74464073
113.624582,34.7424916
113.6298078,34.7448742
113.6291705,34.74589309
113.6327912,34.74413059
113.6333415,34.74350438
113.6326445,34.74283809
113.6339705,34.74469125
113.6373908,34.74463095
113.6376296,34.74326892
113.6369156,34.74406228
113.6367688,34.74382674
113.6366779,34.74433339
113.6373031,34.74276294
113.6362125,34.74431414
113.6362075,34.74432014
113.6362015,34.74430717
113.6359109,34.74505488
113.640151,34.74317189
113.6360249,34.74275099
113.6358569,34.74510392
113.6354626,34.74387276
113.6354626,34.74386577
113.6354356,34.7438778
113.6404663,34.74450504
113.6402009,34.74289907
113.6356103,34.74509132
113.6362687,34.74227807
113.6355534,34.7450984
113.6362397,34.74223616
113.6390677,34.74192191
113.6359111,34.74243648
113.6359111,34.74243448
113.6354398,34.74278287
113.6350442,34.7436826
113.6393139,34.74614532
113.6454398,34.74318981
113.6457162,34.74430022
113.6465789,34.74321877
113.6467687,34.74216847
113.6654374,34.74404164
113.664985,34.74533223
113.6636085,34.74491129
113.6718312,34.74350991
113.6694792,34.74494598
113.6688464,34.74397716
113.6695982,34.74260408
113.6729801,34.74407216
113.671224,34.74582577
113.6710134,34.74603397
113.6720096,34.74601808
113.6735063,34.74297725
113.66791,34.74388205
113.6822756,34.74319271
113.6841626,34.74324526
113.6848365,34.74363467
113.6846919,34.74186168
113.6874024,34.74462916
113.687658,34.74458976
113.6864899,34.74352185
113.6863951,34.74352202
113.6861545,34.74254741
113.6857752,34.74203059
113.6851432,34.74191982
113.6851362,34.74169805
113.6904198,34.74548214
113.6901655,34.7426294
113.6906869,34.74170743
113.7034542,34.74577565
113.7097345,34.74252466
113.7099832,34.74255733
113.7098621,34.74528976
113.7163455,34.74364118
113.7150205,34.74214603
113.7150585,34.742136
113.712955,34.74183458
113.7212932,34.74287234
113.7215081,34.74295108
113.721702,34.74251235
113.7255648,34.74343149
113.7266317,34.74280539
113.7254806,34.74557342
113.7233134,34.74303454
113.7300771,34.74531584
113.7283423,34.74458954
113.7337996,34.74383558
113.7285516,34.74167431
113.7283286,34.74169842
113.7421857,34.74334906
113.7441769,34.7438285
113.745839,34.74359778
113.7450834,34.74456478
113.7470291,34.74177268
113.7485409,34.74593475
113.7524679,34.74349909
113.7569501,34.74301932
113.7562091,34.74410091
113.7578429,34.74582498
113.7570644,34.74187451
113.7619319,34.74313502
113.7619269,34.74311703
113.590378,34.73963561
113.5994733,34.74107684
113.5977494,34.73896345
113.6000093,34.74131741
113.5999863,34.74132341
113.5992063,34.74139761
113.5983472,34.74155472
113.5986147,34.73732881
113.5985507,34.73732284
113.6033312,34.74079248
113.6063308,34.73801454
113.6058986,34.74131455
113.6027862,34.74132023
113.6096105,34.73913518
113.6129447,34.74032329
113.6120005,34.73733904
113.6125638,34.74169527
113.6154381,34.74067165
113.6165705,34.73838379
113.6178743,34.74043642
113.6146116,34.74116794
113.6134865,34.73885426
113.6142108,34.74115033
113.620618,34.74008975
113.6223436,34.73902878
113.6216882,34.73856601
113.6213923,34.74054441
113.6202553,34.7403569
113.6202334,34.74035093
113.6202004,34.74050382
113.6204931,34.74083516
113.620916,34.73806341
113.6204291,34.74098508
113.6196908,34.74051438
113.6196908,34.74051438
113.6207721,34.73782081
113.6201403,34.74134106
113.6201403,34.74134106
113.6233054,34.74163004
113.6252925,34.73946867
113.626558,34.74101749
113.6287588,34.73805442
113.6279558,34.73732924
113.6283304,34.73733772
113.6287818,34.7373361
113.6244642,34.74124797
113.6326677,34.74056231
113.6307562,34.73947519
113.6311087,34.74070346
113.6328378,34.73729527
113.638239,34.74083734
113.6394203,34.74028995
113.638238,34.74117401
113.6351106,34.73870442
113.6351027,34.73855058
113.6408821,34.74044736
113.6431967,34.73979107
113.6427894,34.73876978
113.642958,34.74057071
113.6441473,34.73835485
113.6440814,34.738312
113.6434681,34.74114727
113.645548,34.73932244
113.6449478,34.74076607
113.6450257,34.74075794
113.6450437,34.74076191
113.6451595,34.7407687
113.6457515,34.74136806
113.6483173,34.74165121
113.6480647,34.74163568
113.6466011,34.7416353
113.6544541,34.73967488
113.6523877,34.73867272
113.6588844,34.73996023
113.6617335,34.73902871
113.6655028,34.73933417
113.6656795,34.73924892
113.6656026,34.73897134
113.6640323,34.73963071
113.6657245,34.73814991
113.6712517,34.73886061
113.6723209,34.73865178
113.6688569,34.73842663
113.6687062,34.7384449
113.6770964,34.74121123
113.6816499,34.74061939
113.6816269,34.74072134
113.6873232,34.73799286
113.6862059,34.73829452
113.6851312,34.74154321
113.6851202,34.74165612
113.6913432,34.73871828
113.6913312,34.73871231
113.6902027,34.74070524
113.6984347,34.73903963
113.6967756,34.74060664
113.6996694,34.73762317
113.7007628,34.74065956
113.7019843,34.74088457
113.7065804,34.7415576
113.7112953,34.74104526
113.7068443,34.74095086
113.7156991,34.74162283
113.7226298,34.74147262
113.7255972,34.74013073
113.7250462,34.74066959
113.7236847,34.7397555
113.7239735,34.74079525
113.725886,34.74139029
113.7236215,34.74140492
113.727977,34.73847381
113.743509,34.73849778
113.743565,34.73850877
113.7435187,34.74138393
113.7445295,34.74045284
113.7471076,34.73814527
113.7449317,34.74043886
113.7534474,34.73968119
113.754761,34.73866268
113.7601036,34.73966931
113.7608367,34.73965477
113.7579455,34.74150431
113.764424,34.74038448
113.7628237,34.73854116
113.7623219,34.73929907
113.7663532,34.73932702
113.7664092,34.73998541
113.7663962,34.7400853
113.7644959,34.74160932
113.7608367,34.73965477
113.7699805,34.73928921
113.7700066,34.73928923
113.8157091,34.73993427
113.8196567,34.74126234
113.5348842,34.73545627
113.5337448,34.73344657
113.581778,34.73722891
113.5801998,34.73385548
113.5887356,34.73494608
113.5887026,34.73473029
113.5870877,34.73329844
113.5963865,34.73540329
113.5914109,34.7359193
113.59879,34.73397206
113.598772,34.73389814
113.5991061,34.73304986
113.5971246,34.73651303
113.6057632,34.73584002
113.606094,34.73653214
113.6051582,34.73686437
113.6053886,34.7328352
113.607291,34.73290494
113.6072761,34.73283202
113.6105726,34.73404844
113.6106016,34.73392454
113.6119507,34.73646694
113.6124547,34.73307885
113.6149839,34.73544224
113.614915,34.73562612
113.6161103,34.7339656
113.6160673,34.73393866
113.6233849,34.73560688
113.6196275,34.73400586
113.6236607,34.73459054
113.6195956,34.73384106
113.6214706,34.73699582
113.6237137,34.73418088
113.6277634,34.73401576
113.6276805,34.733891
113.6285384,34.73485687
113.6287152,34.73481567
113.6281077,34.7364489
113.6280228,34.73685961
113.6280228,34.73685961
113.6280228,34.73685961
113.629751,34.73475328
113.6323538,34.73405019
113.6322309,34.73406236
113.631383,34.73401665
113.633714,34.73404914
113.634325,34.73564264
113.6347544,34.7357239
113.6381897,34.7350771
113.6376495,34.73482921
113.6387159,34.73496535
113.6385171,34.7363583
113.6387477,34.7369973
113.6352669,34.73454027
113.6409006,34.73567004
113.6361574,34.73708537
113.6408467,34.73581998
113.6408718,34.73421152
113.6409006,34.73585785
113.6408569,34.73359915
113.6435815,34.73534879
113.6447717,34.73458547
113.6448676,34.73471517
113.6423144,34.73607924
113.6422665,34.73621519
113.6421606,34.73620039
113.6449932,34.736704
113.6412213,34.73380933
113.6426628,34.73715759
113.6411554,34.7336396
113.6450021,34.73692876
113.6417492,34.73691838
113.6499223,34.73535151
113.6494212,34.7341586
113.6474124,34.73555385
113.6505852,34.73508057
113.6485015,34.73648598
113.6538316,34.73538627
113.6538794,34.73668091
113.6523693,34.73381853
113.6567796,34.73431678
113.6523343,34.73382558
113.6523393,34.73376963
113.652944,34.73720613
113.6604421,34.73554461
113.6601089,34.73348227
113.6616439,34.73634752
113.6628549,34.73541112
113.6653774,34.73521747
113.6721066,34.73504174
113.6730349,34.736033
113.6709534,34.73712389
113.6679778,34.73555414
113.673546,34.73644063
113.6771099,34.73586747
113.6774664,34.73566201
113.6776141,34.73552686
113.683761,34.73577735
113.6840226,34.73582783
113.6985572,34.73302337
113.700317,34.73383694
113.7004588,34.73393663
113.7168353,34.7338883
113.7314213,34.73465968
113.7657907,34.73526457
113.7696634,34.7347354
113.7675909,34.73346082
113.8260206,34.73449694
113.8233707,34.73334011
113.8234199,34.7331394
113.8249255,34.73286749
113.4826909,34.73043943
113.5887382,34.72947644
113.5890234,34.72926668
113.5943076,34.72993399
113.5945756,34.73108783
113.5944196,34.729915
113.5950108,34.72986397
113.5969603,34.72963081
113.6010656,34.72917493
113.6018644,34.730805
113.6010656,34.72899111
113.5984772,34.73244965
113.5987632,34.73272529
113.5969603,34.72963081
113.604255,34.73101861
113.6039361,34.73106274
113.6045119,34.73158292
113.6053727,34.73203
113.603901,34.73215169
113.6028354,34.72969563
113.6031691,34.73190731
113.6048817,34.73270761
113.6022474,34.72993468
113.6024922,34.73177776
113.6113676,34.73032945
113.6100781,34.73188495
113.6090117,34.72967691
113.6110595,34.73266042
113.6154312,34.73026888
113.613878,34.73249116
113.6182798,34.73231798
113.6280572,34.7320433
113.6280682,34.73204628
113.6328225,34.73076671
113.6309239,34.73155273
113.6319745,34.73223753
113.6346559,34.73224048
113.638253,34.73106193
113.6385995,34.73106636
113.6366174,34.7308138
113.6394793,34.72989507
113.6394893,34.72962931
113.6392615,34.73179257
113.6491131,34.73068556
113.6482975,34.73019651
113.6474958,34.72997517
113.6470326,34.72947349
113.6617094,34.73056907
113.6622486,34.72936521
113.6628204,34.73034216
113.6651731,34.73229173
113.6719572,34.73212889
113.6716641,34.72861189
113.6756378,34.73204199
113.6823708,34.73037416
113.6830408,34.72983547
113.6794446,34.7299849
113.6788685,34.73133265
113.6979012,34.73149287
113.6974068,34.73146465
113.6993394,34.73171347
113.7005888,34.73258277
113.7043519,34.72989006
113.7028604,34.73092312
113.7033321,34.72866067
113.7032413,34.72818926
113.7066067,34.72914577
113.7079316,34.72847672
113.7277199,34.72954174
113.7311238,34.72982057
113.7305608,34.72940027
113.7289419,34.7288327
113.7288309,34.72875285
113.754814,34.72971648
113.7552013,34.73113725
113.826008,34.73046487
113.8269396,34.73198612
113.8273569,34.73179608
113.8277049,34.73242711
113.8274712,34.73234476
113.8399951,34.73174113
113.8393535,34.72970799
113.5119957,34.72765686
113.5129182,34.72758256
113.5935588,34.72528661
113.5956943,34.72644719
113.5942812,34.72446633
113.5917191,34.72560339
113.5946043,34.72423151
113.5955105,34.72423237
113.5921704,34.72411083
113.5994288,34.72646819
113.6010548,34.72697508
113.59837,34.72471223
113.598085,34.7242128
113.6045674,34.72646889
113.6045644,34.72647588
113.6045967,34.72403624
113.607024,34.72484299
113.6071529,34.72492483
113.6073708,34.72501959
113.6107962,34.72753064
113.6165618,34.72568424
113.6172844,34.72491525
113.617416,34.72768342
113.6134221,34.72439648
113.6199779,34.72726706
113.6204388,34.7243294
113.619835,34.72776074
113.6265734,34.72717206
113.6286072,34.7261413
113.6264348,34.72464471
113.6275146,34.72458232
113.6269853,34.72407353
113.6292464,34.7266639
113.6244249,34.7253706
113.6291903,34.72827641
113.6321109,34.72624718
113.6323645,34.72681225
113.6313949,34.72527817
113.6310662,34.72630465
113.6323627,34.72484117
113.6318024,34.7249449
113.6305128,34.72771408
113.6306765,34.72783573
113.6375555,34.72662739
113.6369714,34.72619675
113.638509,34.72719429
113.6407498,34.72652624
113.6403956,34.7237865
113.643255,34.72622328
113.6439499,34.72581348
113.6433028,34.72689554
113.6438999,34.72729213
113.6449143,34.72667396
113.645141,34.72617805
113.6450721,34.72664172
113.6454975,34.72616643
113.6458589,34.7261618
113.6410775,34.72469747
113.6413707,34.72787588
113.6489889,34.72536498
113.6485896,34.72473531
113.6468074,34.72588539
113.6501816,34.72775748
113.6478195,34.72792359
113.6528793,34.72576146
113.6555725,34.72751671
113.6527304,34.72730623
113.6703256,34.72679621
113.6703216,34.72680022
113.6703236,34.72680621
113.6722881,34.72699028
113.6726458,34.72428823
113.6771479,34.72588317
113.6761748,34.72416767
113.674172,34.72581884
113.6826249,34.72525669
113.6818882,34.72490637
113.6826929,34.72434845
113.6840566,34.72530207
113.6840487,34.72524414
113.6831409,34.72761046
113.6840567,34.72497339
113.6795341,34.72463595
113.678924,34.72508864
113.6866166,34.72599485
113.6862981,34.72602139
113.6862571,34.7262862
113.6892197,34.72564269
113.6896161,34.72577388
113.6907825,34.72507759
113.6906477,34.72503685
113.6905229,34.72465743
113.6996368,34.72484973
113.6980058,34.72426376
113.7024644,34.72600249
113.7050056,34.72649249
113.7050066,34.7265814
113.7050066,34.72662736
113.7021148,34.72611188
113.7055272,34.72539086
113.7016914,34.72433622
113.7084004,34.72600853
113.7086231,34.72704624
113.7084372,34.72695956
113.7097061,34.72722573
113.7099512,34.72447411
113.7107352,34.72733838
113.7112448,34.72717094
113.7168061,34.72655351
113.7262984,34.72704809
113.7264004,34.72704703
113.7272384,34.72626624
113.7261167,34.72426792
113.7277864,34.72558356
113.7305181,34.72698764
113.7321145,34.72431047
113.7321145,34.72430448
113.7325505,34.72449609
113.7282932,34.72618167
113.7365382,34.72488125
113.7368361,34.72745865
113.7370671,34.7275565
113.7340335,34.72640962
113.7350319,34.72422737
113.744474,34.72574927
113.7482387,34.72644089
113.7518783,34.72524085
113.7515469,34.72526673
113.8395142,34.72759634
113.5976931,34.72260647
113.5985745,34.71977996
113.6047719,34.72131978
113.6058087,34.72111237
113.6044168,34.72339496
113.6047377,34.72375343
113.6091564,34.72292238
113.6079712,34.71937166
113.6173335,34.72335572
113.6173615,34.72340164
113.6137923,34.71985755
113.6249519,34.72064352
113.6242726,34.72043059
113.6293236,34.72362975
113.6314352,34.72182947
113.6307422,34.72039386
113.6307422,34.72039187
113.6307323,34.72038988
113.6312113,34.72338828
113.638347,34.72059397
113.6375519,34.7226163
113.6365434,34.7217977
113.6369767,34.72261422
113.6390939,34.72045588
113.6394504,34.71994579
113.6399227,34.7202667
113.638793,34.72348944
113.6422628,34.72367446
113.6490341,34.72250568
113.6504479,34.72098957
113.6524754,34.72125359
113.6529987,34.7200338
113.6526243,34.72008844
113.6603685,34.72344058
113.6621397,34.72029025
113.6668414,34.72021729
113.6715518,34.72299957
113.669734,34.72353352
113.6858791,34.7221359
113.6928889,34.72149956
113.6918214,34.72078002
113.6924524,34.7227161
113.6940092,34.72305822
113.694941,34.72226949
113.6951098,34.72225723
113.6941793,34.71954835
113.6978153,34.72165658
113.6985166,34.72011401
113.6985156,34.72010702
113.7033717,34.72252659
113.7049164,34.72007484
113.7044499,34.71959494
113.7027218,34.71957936
113.7098367,34.72010948
113.708081,34.72265819
113.7138296,34.72088413
113.7138086,34.72088515
113.712118,34.71954834
113.7179532,34.71946327
113.7250991,34.72248236
113.7276437,34.72287528
113.7302048,34.72037823
113.7302549,34.71960295
113.7303299,34.71952499
113.7311015,34.72361163
113.7350012,34.72136316
113.734372,34.72221557
113.7468731,34.72168634
113.746701,34.72178323
113.7482564,34.72048767
113.7473957,34.71985317
113.7474869,34.71916984
113.748886,34.71948175
113.7594247,34.72061156
113.5055785,34.71600255
113.5132297,34.71526738
113.5249722,34.71613059
113.524036,34.71528396
113.5257851,34.71574607
113.6015457,34.7178777
113.6010617,34.7186122
113.6022477,34.71802825
113.610891,34.71897887
113.6128681,34.71803213
113.612898,34.71878038
113.6175029,34.71846828
113.6178166,34.7185199
113.6176388,34.71868692
113.6207984,34.71629077
113.6218063,34.71803192
113.6234007,34.71835069
113.6191509,34.71532855
113.6266314,34.71681803
113.6245586,34.71789768
113.6247573,34.71824009
113.6291008,34.71493547
113.6311571,34.71703751
113.6311312,34.71658698
113.6308473,34.71843561
113.638543,34.71749165
113.6386918,34.71779212
113.6386918,34.71779212
113.6385112,34.71588725
113.6396454,34.71729104
113.6383931,34.71856386
113.6389713,34.71852395
113.6399499,34.71792892
113.6401616,34.71808941
113.6405251,34.71735351
113.6404853,34.71595093
113.643227,34.71659167
113.642504,34.71768485
113.6421287,34.71656857
113.6418951,34.71689865
113.6418901,34.7168537
113.6420348,34.7176337
113.6420739,34.71551767
113.6420739,34.71551767
113.641788,34.71901279
113.6494269,34.71812021
113.6495559,34.71584617
113.6471657,34.71694242
113.6471438,34.71702838
113.6471657,34.71736002
113.6476977,34.71846899
113.6516083,34.71728702
113.6553379,34.71749288
113.6599848,34.71710345
113.6599319,34.71732734
113.6599319,34.71732734
113.6593042,34.71566114
113.661566,34.71762393
113.6617817,34.71702709
113.6581132,34.71601307
113.6596906,34.71506598
113.6624365,34.71756032
113.6621988,34.71843793
113.6643262,34.71673949
113.6666629,34.7182835
113.6635417,34.71579091
113.6633152,34.71485624
113.6707948,34.71649231
113.6716444,34.71594921
113.67823,34.71689986
113.6926366,34.71822115
113.6925936,34.71828716
113.6956495,34.71783865
113.6953832,34.71507474
113.6975771,34.71769179
113.6995337,34.71720929
113.7109304,34.7150111
113.7109549,34.71888333
113.7147623,34.71716872
113.71387,34.71648234
113.7131085,34.7172924
113.7172507,34.71797739
113.7191477,34.7183802
113.7291362,34.71667839
113.7351186,34.71764072
113.7350606,34.71767571
113.7375447,34.71467086
113.7435613,34.71697578
113.7444749,34.71708566
113.7487941,34.71771444
113.7493065,34.71881047
113.751832,34.71744539
113.751819,34.71744339
113.7501242,34.71888257
113.7820588,34.71492145
113.8250956,34.71708016
113.8246572,34.71773171
113.5024138,34.71040459
113.5029358,34.71036718
113.5033103,34.71036728
113.5055075,34.71307716
113.5064441,34.71343356
113.507946,34.71189243
113.5045318,34.71184447
113.5045318,34.71184447
113.5045318,34.71184447
113.5041433,34.71184533
113.5041173,34.71166442
113.5040771,34.71165931
113.5057989,34.71050448
113.5109113,34.7117951
113.5109103,34.71132454
113.5107949,34.71093658
113.5107619,34.71056185
113.5166126,34.71241063
113.523924,34.71175306
113.5243034,34.71121357
113.5248753,34.71163366
113.5249989,34.71061996
113.5254946,34.71092095
113.5248474,34.71027289
113.5414143,34.71444622
113.5414976,34.71474611
113.5760583,34.71168053
113.5767623,34.71081583
113.5840948,34.71075252
113.6103032,34.71057742
113.6156657,34.71358983
113.6140809,34.71279809
113.6142817,34.71352021
113.6175516,34.71151992
113.6175516,34.71151992
113.6180301,34.71202992
113.613834,34.71296515
113.6137291,34.71284636
113.6150051,34.71470239
113.6213373,34.71252477
113.6203042,34.71283566
113.6217118,34.71365625
113.6231953,34.71429185
113.6262202,34.7137775
113.6266397,34.71409863
113.6266337,34.71436638
113.6261193,34.71429413
113.6294275,34.71372717
113.6342535,34.7131786
113.6347808,34.71291204
113.6330799,34.71453607
113.644083,34.71406862
113.6416061,34.71165019
113.6416061,34.71165019
113.6456748,34.71087989
113.6458285,34.71076973
113.6490573,34.71050221
113.6489455,34.71043947
113.6472103,34.71046157
113.6541852,34.71440002
113.6589192,34.71247994
113.6580837,34.71190308
113.6595892,34.71044761
113.6596431,34.71042453
113.6613188,34.71444047
113.6613168,34.71450042
113.6577294,34.71085276
113.6660457,34.71157315
113.667503,34.71271625
113.667564,34.71165516
113.6694388,34.71081836
113.6679772,34.71297909
113.6730162,34.71442407
113.6728684,34.71470508
113.6753005,34.71243365
113.6836724,34.71457414
113.6883305,34.71128409
113.6921716,34.71427872
113.6915026,34.71427783
113.689854,34.71359526
113.6957158,34.71391333
113.704164,34.71192772
113.7038815,34.7103736
113.7078633,34.71218158
113.713185,34.71126211
113.7127453,34.71190399
113.7312456,34.71318963
113.7314828,34.71110252
113.7315505,34.71396674
113.7287866,34.71326988
113.7398949,34.71148642
113.7415539,34.71029733
113.741814,34.71024536
113.7482112,34.71292996
113.7460116,34.71117541
113.7525594,34.71203681
113.7525853,34.71319571
113.7520556,34.71383993
113.7504072,34.71220607
113.7594565,34.71391304
113.7618078,34.71406532
113.7618078,34.71406532
113.7844556,34.71220225
113.7850067,34.71347078
113.7855961,34.71411797
113.502925,34.70849993
113.5050733,34.70800574
113.5051305,34.70840852
113.5051426,34.70845951
113.5053804,34.70903466
113.5053804,34.70903866
113.5054697,34.70933164
113.5056103,34.70946093
113.5232852,34.70781015
113.5273935,34.7071854
113.5551119,34.70896999
113.5551069,34.70908987
113.6051233,34.70739597
113.6056252,34.70717988
113.6028337,34.70770888
113.6109242,34.70721515
113.6123934,34.70757559
113.6128302,34.70755922
113.6153706,34.7072412
113.6138844,34.70874615
113.6185632,34.70767053
113.6216493,34.70922657
113.6216493,34.70924855
113.6216323,34.70925756
113.6226364,34.70901859
113.6198881,34.70713159
113.6256722,34.71019166
113.6323995,34.70706225
113.632824,34.70648617
113.6312258,34.70960056
113.6302012,34.70811446
113.6331357,34.70623994
113.6347653,34.70850429
113.6300962,34.70948629
113.6365846,34.71008792
113.6432299,34.70788102
113.6442054,34.70768153
113.6441715,34.70747978
113.6442195,34.70660353
113.6414936,34.70793693
113.6413778,34.70809398
113.6413938,34.70763439
113.6450253,34.70663909
113.6425332,34.70602099
113.6449963,34.7061616
113.64996,34.70868731
113.6494726,34.71013281
113.6465419,34.70598104
113.6604799,34.70845282
113.6583834,34.70964068
113.6583615,34.70963472
113.6573983,34.70821391
113.6648581,34.70875913
113.6680453,34.71015567
113.6746232,34.70662749
113.6834174,34.70845347
113.6861132,34.70830781
113.6877569,34.70667949
113.6891637,34.70709267
113.6854345,34.70602119
113.6929363,34.70711033
113.6944832,34.70726267
113.6901183,34.70747768
113.696909,34.70755156
113.7051386,34.70672638
113.7061735,34.70736938
113.7062911,34.70945923
113.7064579,34.7095759
113.7063954,34.70584354
113.707625,34.70831459
113.7074122,34.70789626
113.711237,34.70718724
113.711239,34.70718824
113.71124,34.70718823
113.7106145,34.70647765
113.7141108,34.70735584
113.7133714,34.70700898
113.7132146,34.70599012
113.7131176,34.7060182
113.7315279,34.70993762
113.7417201,34.70933824
113.7399442,34.70861716
113.7401035,34.70670896
113.7395623,34.70688588
113.739636,34.70964323
113.746157,34.70822524
113.7453184,34.70823319
113.8314397,34.7063113
113.8316854,34.70631175
113.5007399,34.70452524
113.5043368,34.7049305
113.5045185,34.70540159
113.504398,34.70535828
113.5089025,34.70429346
113.5176484,34.70234911
113.5223263,34.70284633
113.5227618,34.70272061
113.5203933,34.7035195
113.6061623,34.70468993
113.6066782,34.70468961
113.6122977,34.70574342
113.6139638,34.7048448
113.6266039,34.70286442
113.6275028,34.70425589
113.6279792,34.70423526
113.6272433,34.70205733
113.6286455,34.70421137
113.6286495,34.70421136
113.6255479,34.7048669
113.6316787,34.70473454
113.631656,34.70181235
113.6304522,34.7046504
113.62997,34.70323544
113.6383076,34.70534269
113.6383935,34.70537652
113.639428,34.70507211
113.640883,34.70339629
113.6408709,34.70425849
113.6431246,34.70297888
113.6413913,34.70293687
113.6451016,34.7020763
113.6442126,34.70576634
113.6487247,34.70259336
113.6486718,34.70252852
113.6486598,34.70252654
113.6477642,34.70299271
113.6493706,34.70218658
113.6495933,34.70212023
113.6501803,34.70234295
113.6471653,34.70211661
113.6594873,34.70218768
113.6584412,34.70130152
113.6571551,34.70496148
113.6654269,34.70125519
113.6629952,34.70148264
113.6727449,34.70256093
113.6703862,34.70134758
113.6752526,34.70272802
113.6751488,34.70270623
113.675035,34.70270345
113.6749351,34.70271263
113.6747445,34.70245224
113.6743211,34.70324429
113.6749811,34.70177743
113.6897063,34.70360007
113.704997,34.70433984
113.7054365,34.70412146
113.7056953,34.70360261
113.7056922,34.70516412
113.7025245,34.70553613
113.7061957,34.70503358
113.714061,34.70556959
113.7188515,34.70270849
113.7324935,34.70506782
113.7400096,34.70549913
113.5247852,34.70001949
113.5251306,34.6988535
113.5251416,34.69865471
113.525238,34.69849112
113.5251688,34.6979984
113.5253032,34.69819157
113.5253695,34.69768422
113.5279683,34.69915548
113.5320879,34.70085005
113.531205,34.70017555
113.5311107,34.70028921
113.5311097,34.70028821
113.5760686,34.69935827
113.5876046,34.69885173
113.5874205,34.69879575
113.6236144,34.69950445
113.6266134,34.69869836
113.6261176,34.70128556
113.6474901,34.69892406
113.6595216,34.69842219
113.6609391,34.69897895
113.6605619,34.69741515
113.6636025,34.69792185
113.6662385,34.70080705
113.6655691,34.69686007
113.6632921,34.69746987
113.6631843,34.69740414
113.6678431,34.69708649
113.6709233,34.70064122
113.6703327,34.69705674
113.6699644,34.69699451
113.6738406,34.6974397
113.6747798,34.69850491
113.7307852,34.69737194
113.7323013,34.69760299
113.7567557,34.6977021
113.5029132,34.69651328
113.5756486,34.69437468
113.5752859,34.69636255
113.6104886,34.69578434
113.6540317,34.69321147
113.6616762,34.69475253
113.6625946,34.69432118
113.6656273,34.69439329
113.6651072,34.69385279
113.6704236,34.69612745
113.6680579,34.69539467
113.6809179,34.69518661
113.6815408,34.69620651
113.7194719,34.69605422
113.7278309,34.69236232
113.7340589,34.69429038
113.7934951,34.69282992
113.5079412,34.69056163
113.504461,34.6889
113.5039491,34.68796636
113.5362622,34.6915786
113.5869183,34.68826855
113.6040452,34.69126783
113.6165595,34.69085853
113.6175757,34.69049782
113.6176507,34.69027096
113.6188696,34.69191712
113.6210009,34.6899276
113.651594,34.6923518
113.6556012,34.69092667
113.6565926,34.68984881
113.6567903,34.68966261
113.6612293,34.69209589
113.6582515,34.69202064
113.6624215,34.6888956
113.6641972,34.69064955
113.666555,34.69115954
113.6672209,34.68968464
113.6670802,34.68931226
113.6673276,34.69124298
113.6672261,34.68792428
113.6702228,34.68884867
113.6731545,34.69072932
113.6686965,34.6878835
113.6759287,34.69067512
113.675751,34.69067845
113.6751381,34.69010215
113.6741947,34.69000802
113.6738811,34.69129141
113.7100208,34.69008786
113.7105074,34.6896337
113.7105584,34.68941385
113.7363181,34.6877907
113.7908836,34.69006648
113.7934901,34.69182186
113.5040144,34.68757592
113.5371194,34.68569405
113.577902,34.68792521
113.578797,34.68789876
113.6153038,34.6865448
113.6173195,34.6848174
113.6193249,34.6855236
113.6193229,34.68527983
113.6287761,34.68689651
113.6334535,34.68428215
113.6346278,34.68637141
113.6401499,34.68586302
113.6401589,34.68586001
113.6555457,34.68756292
113.6711614,34.68568183
113.6712902,34.68579048
113.6713151,34.68605219
113.6711374,34.68660102
113.6686426,34.68782266
113.6740993,34.68586407
113.6740444,34.6858412
113.6941521,34.68375037
113.7033526,34.68645496
113.7031917,34.68687979
113.7036692,34.68705995
113.7148794,34.68712013
113.7236205,34.68471438
113.738362,34.68620364
113.7346371,34.68429452
113.7996963,34.68703246
113.6183709,34.68275121
113.6404361,34.68007092
113.6407297,34.67951595
113.654045,34.68074008
113.6713817,34.67957508
113.6733272,34.68118688
113.5799814,34.67710842
113.6316189,34.67497949
113.6638962,34.67635442
113.6882535,34.67510424
113.6950455,34.67871261
113.5075127,34.67080368
113.5785454,34.67237099
113.5892443,34.67332774
113.6207422,34.67039498
113.6194853,34.66998776
113.7271622,34.67093661
113.736784,34.67146667
113.736631,34.67035573
113.7470526,34.67144476
113.7471665,34.67281951
113.7476849,34.67340004
113.5824938,34.66811182
113.5814218,34.66853498
113.6210651,34.66868017
113.6204895,34.66988373
113.6465886,34.669542
113.7468169,34.66683495
113.7470269,34.66851144
113.7518924,34.66747733
113.7521685,34.66917686
113.757845,34.66948786
113.7640019,34.66849357
113.7649734,34.66842036
113.7642352,34.66893034
113.7680446,34.66778443
113.5370374,34.66485404
113.5605786,34.66423382
113.5992565,34.66263431
113.6341549,34.66203151
113.6719995,34.66184014
113.6954265,34.66446706
113.6973981,34.66220103
113.6969657,34.66227163
113.6963603,34.66369928
113.6963084,34.66359346
113.6969863,34.66523191
113.7466291,34.66327117
113.5182833,34.65926675
113.5833906,34.65836101
113.5873558,34.65752784
113.635732,34.6602217
113.6479826,34.65785012
113.6833288,34.65862295
113.6839949,34.65735589
113.6858868,34.65879123
113.7200527,34.65781097
113.5326877,34.65416155
113.5316192,34.65444473
113.5864894,34.65572528
113.6860249,34.65534609
113.703234,34.65559039
113.7055595,34.6555952
113.7466449,34.65566703
113.589325,34.64755903
113.6075165,34.65085774
113.6259701,34.6504106
113.6259941,34.65044854
113.6291484,34.65065208
113.6733227,34.64778623
113.682019,34.64831056
113.6819981,34.6481927
113.781866,34.65156605
113.5136094,34.64643617
113.5140831,34.64630563
113.5514055,34.64698699
113.5959116,34.64682536
113.5959397,34.64681537
113.5969699,34.64615074
113.5969699,34.64615074
113.6051176,34.64701665
113.6708502,34.64578772
113.6831763,34.64690871
113.5860906,34.64149984
113.7267196,34.63946815
113.5825239,34.63835547
113.739935,34.63532732
113.7394527,34.63595586
113.5993376,34.63243311
113.6067516,34.63289108
113.7772168,34.63315362
113.5395137,34.62854175
113.5394043,34.62942375
113.6037558,34.62794112
113.5827957,34.62406499
113.5843732,34.62246493
113.5850406,34.62326644
113.5877868,34.62098402
113.7557774,34.62267041
113.5854782,34.61170741
